0.000000000000000000e+00 1.000000000000000000e+00
1.955034213098729226e-04 1.000195503421309917e+00
3.910068426197458452e-04 1.000391006842619834e+00
5.865102639296187678e-04 1.000586510263929529e+00
7.820136852394916904e-04 1.000782013685239447e+00
9.775171065493646130e-04 1.000977517106549364e+00
1.173020527859237536e-03 1.001173020527859281e+00
1.368523949169110458e-03 1.001368523949169198e+00
1.564027370478983381e-03 1.001564027370478893e+00
1.759530791788856303e-03 1.001759530791788810e+00
1.955034213098729226e-03 1.001955034213098727e+00
2.150537634408602149e-03 1.002150537634408645e+00
2.346041055718475071e-03 1.002346041055718562e+00
2.541544477028347994e-03 1.002541544477028257e+00
2.737047898338220916e-03 1.002737047898338174e+00
2.932551319648093839e-03 1.002932551319648091e+00
3.128054740957966762e-03 1.003128054740958008e+00
3.323558162267839684e-03 1.003323558162267926e+00
3.519061583577712607e-03 1.003519061583577621e+00
3.714565004887585530e-03 1.003714565004887538e+00
3.910068426197458452e-03 1.003910068426197455e+00
4.105571847507331375e-03 1.004105571847507372e+00
4.301075268817204297e-03 1.004301075268817289e+00
4.496578690127077220e-03 1.004496578690126984e+00
4.692082111436950143e-03 1.004692082111436902e+00
4.887585532746823065e-03 1.004887585532746819e+00
5.083088954056695988e-03 1.005083088954056736e+00
5.278592375366568910e-03 1.005278592375366653e+00
5.474095796676441833e-03 1.005474095796676348e+00
5.669599217986314756e-03 1.005669599217986265e+00
5.865102639296187678e-03 1.005865102639296182e+00
6.060606060606060601e-03 1.006060606060606100e+00
6.256109481915933523e-03 1.006256109481916017e+00
6.451612903225806446e-03 1.006451612903225712e+00
6.647116324535679369e-03 1.006647116324535629e+00
6.842619745845552291e-03 1.006842619745845546e+00
7.038123167155425214e-03 1.007038123167155463e+00
7.233626588465298136e-03 1.007233626588465381e+00
7.429130009775171059e-03 1.007429130009775076e+00
7.624633431085043982e-03 1.007624633431084993e+00
7.820136852394916904e-03 1.007820136852394910e+00
8.015640273704788960e-03 1.008015640273704827e+00
8.211143695014662749e-03 1.008211143695014744e+00
8.406647116324536539e-03 1.008406647116324439e+00
8.602150537634408595e-03 1.008602150537634357e+00
8.797653958944280650e-03 1.008797653958944274e+00
8.993157380254154440e-03 1.008993157380254191e+00
9.188660801564028230e-03 1.009188660801564108e+00
9.384164222873900285e-03 1.009384164222873803e+00
9.579667644183772340e-03 1.009579667644183720e+00
9.775171065493646130e-03 1.009775171065493637e+00
9.970674486803519920e-03 1.009970674486803555e+00
1.016617790811339198e-02 1.010166177908113472e+00
1.036168132942326403e-02 1.010361681329423167e+00
1.055718475073313782e-02 1.010557184750733084e+00
1.075268817204301161e-02 1.010752688172043001e+00
1.094819159335288367e-02 1.010948191593352918e+00
1.114369501466275572e-02 1.011143695014662836e+00
1.133919843597262951e-02 1.011339198435972531e+00
1.153470185728250330e-02 1.011534701857282448e+00
1.173020527859237536e-02 1.011730205278592365e+00
1.192570869990224741e-02 1.011925708699902282e+00
1.212121212121212120e-02 1.012121212121212199e+00
1.231671554252199499e-02 1.012316715542521894e+00
1.251221896383186705e-02 1.012512218963831812e+00
1.270772238514173910e-02 1.012707722385141729e+00
1.290322580645161289e-02 1.012903225806451646e+00
1.309872922776148668e-02 1.013098729227761563e+00
1.329423264907135874e-02 1.013294232649071258e+00
1.348973607038123079e-02 1.013489736070381175e+00
1.368523949169110458e-02 1.013685239491691092e+00
1.388074291300097837e-02 1.013880742913001010e+00
1.407624633431085043e-02 1.014076246334310927e+00
1.427174975562072248e-02 1.014271749755620622e+00
1.446725317693059627e-02 1.014467253176930539e+00
1.466275659824047006e-02 1.014662756598240456e+00
1.485826001955034212e-02 1.014858260019550373e+00
1.505376344086021417e-02 1.015053763440860291e+00
1.524926686217008796e-02 1.015249266862169986e+00
1.544477028347996175e-02 1.015444770283479903e+00
1.564027370478983381e-02 1.015640273704789820e+00
1.583577712609970586e-02 1.015835777126099737e+00
1.603128054740957792e-02 1.016031280547409654e+00
1.622678396871945344e-02 1.016226783968719349e+00
1.642228739002932550e-02 1.016422287390029267e+00
1.661779081133919755e-02 1.016617790811339184e+00
1.681329423264907308e-02 1.016813294232649101e+00
1.700879765395894513e-02 1.017008797653959018e+00
1.720430107526881719e-02 1.017204301075268713e+00
1.739980449657868924e-02 1.017399804496578630e+00
1.759530791788856130e-02 1.017595307917888547e+00
1.779081133919843682e-02 1.017790811339198465e+00
1.798631476050830888e-02 1.017986314760508382e+00
1.818181818181818094e-02 1.018181818181818077e+00
1.837732160312805646e-02 1.018377321603127994e+00
1.857282502443792851e-02 1.018572825024437911e+00
1.876832844574780057e-02 1.018768328445747828e+00
1.896383186705767263e-02 1.018963831867057745e+00
1.915933528836754468e-02 1.019159335288367441e+00
1.935483870967742021e-02 1.019354838709677358e+00
1.955034213098729226e-02 1.019550342130987275e+00
1.974584555229716432e-02 1.019745845552297192e+00
1.994134897360703984e-02 1.019941348973607109e+00
2.013685239491691190e-02 1.020136852394916804e+00
2.033235581622678395e-02 1.020332355816226722e+00
2.052785923753665601e-02 1.020527859237536639e+00
2.072336265884652806e-02 1.020723362658846556e+00
2.091886608015640359e-02 1.020918866080156473e+00
2.111436950146627564e-02 1.021114369501466168e+00
2.130987292277614770e-02 1.021309872922776085e+00
2.150537634408602322e-02 1.021505376344086002e+00
2.170087976539589528e-02 1.021700879765395920e+00
2.189638318670576733e-02 1.021896383186705837e+00
2.209188660801563939e-02 1.022091886608015532e+00
2.228739002932551144e-02 1.022287390029325449e+00
2.248289345063538697e-02 1.022482893450635366e+00
2.267839687194525902e-02 1.022678396871945283e+00
2.287390029325513108e-02 1.022873900293255200e+00
2.306940371456500660e-02 1.023069403714564896e+00
2.326490713587487866e-02 1.023264907135874813e+00
2.346041055718475071e-02 1.023460410557184730e+00
2.365591397849462277e-02 1.023655913978494647e+00
2.385141739980449482e-02 1.023851417399804564e+00
2.404692082111437035e-02 1.024046920821114259e+00
2.424242424242424240e-02 1.024242424242424176e+00
2.443792766373411446e-02 1.024437927663734094e+00
2.463343108504398998e-02 1.024633431085044011e+00
2.482893450635386204e-02 1.024828934506353928e+00
2.502443792766373409e-02 1.025024437927663623e+00
2.521994134897360615e-02 1.025219941348973540e+00
2.541544477028347820e-02 1.025415444770283457e+00
2.561094819159335373e-02 1.025610948191593375e+00
2.580645161290322578e-02 1.025806451612903292e+00
2.600195503421309784e-02 1.026001955034212987e+00
2.619745845552297336e-02 1.026197458455522904e+00
2.639296187683284542e-02 1.026392961876832821e+00
2.658846529814271747e-02 1.026588465298142738e+00
2.678396871945258953e-02 1.026783968719452655e+00
2.697947214076246158e-02 1.026979472140762351e+00
2.717497556207233711e-02 1.027174975562072268e+00
2.737047898338220916e-02 1.027370478983382185e+00
2.756598240469208122e-02 1.027565982404692102e+00
2.776148582600195674e-02 1.027761485826002019e+00
2.795698924731182880e-02 1.027956989247311936e+00
2.815249266862170086e-02 1.028152492668621631e+00
2.834799608993157291e-02 1.028347996089931549e+00
2.854349951124144497e-02 1.028543499511241466e+00
2.873900293255132049e-02 1.028739002932551383e+00
2.893450635386119255e-02 1.028934506353861300e+00
2.913000977517106460e-02 1.029130009775170995e+00
2.932551319648094013e-02 1.029325513196480912e+00
2.952101661779081218e-02 1.029521016617790830e+00
2.971652003910068424e-02 1.029716520039100747e+00
2.991202346041055629e-02 1.029912023460410664e+00
3.010752688172042835e-02 1.030107526881720359e+00
3.030303030303030387e-02 1.030303030303030276e+00
3.049853372434017593e-02 1.030498533724340193e+00
3.069403714565004798e-02 1.030694037145650110e+00
3.088954056695992351e-02 1.030889540566960028e+00
3.108504398826979556e-02 1.031085043988269723e+00
3.128054740957966762e-02 1.031280547409579640e+00
3.147605083088954314e-02 1.031476050830889557e+00
3.167155425219941173e-02 1.031671554252199474e+00
3.186705767350928725e-02 1.031867057673509391e+00
3.206256109481915584e-02 1.032062561094819086e+00
3.225806451612903136e-02 1.032258064516129004e+00
3.245356793743890689e-02 1.032453567937438921e+00
3.264907135874877547e-02 1.032649071358748838e+00
3.284457478005865100e-02 1.032844574780058755e+00
3.304007820136852652e-02 1.033040078201368450e+00
3.323558162267839511e-02 1.033235581622678367e+00
3.343108504398827063e-02 1.033431085043988285e+00
3.362658846529814616e-02 1.033626588465298202e+00
3.382209188660801474e-02 1.033822091886608119e+00
3.401759530791789027e-02 1.034017595307917814e+00
3.421309872922775885e-02 1.034213098729227731e+00
3.440860215053763438e-02 1.034408602150537648e+00
3.460410557184750990e-02 1.034604105571847565e+00
3.479960899315737849e-02 1.034799608993157483e+00
3.499511241446725401e-02 1.034995112414467178e+00
3.519061583577712260e-02 1.035190615835777095e+00
3.538611925708699812e-02 1.035386119257087012e+00
3.558162267839687365e-02 1.035581622678396929e+00
3.577712609970674223e-02 1.035777126099706846e+00
3.597262952101661776e-02 1.035972629521016541e+00
3.616813294232649328e-02 1.036168132942326459e+00
3.636363636363636187e-02 1.036363636363636376e+00
3.655913978494623739e-02 1.036559139784946293e+00
3.675464320625611292e-02 1.036754643206256210e+00
3.695014662756598151e-02 1.036950146627565905e+00
3.714565004887585703e-02 1.037145650048875822e+00
3.734115347018572562e-02 1.037341153470185739e+00
3.753665689149560114e-02 1.037536656891495657e+00
3.773216031280547667e-02 1.037732160312805574e+00
3.792766373411534525e-02 1.037927663734115269e+00
3.812316715542522078e-02 1.038123167155425186e+00
3.831867057673508936e-02 1.038318670576735103e+00
3.851417399804496489e-02 1.038514173998045020e+00
3.870967741935484041e-02 1.038709677419354938e+00
3.890518084066470900e-02 1.038905180840664633e+00
3.910068426197458452e-02 1.039100684261974550e+00
3.929618768328446005e-02 1.039296187683284467e+00
3.949169110459432863e-02 1.039491691104594384e+00
3.968719452590420416e-02 1.039687194525904301e+00
3.988269794721407968e-02 1.039882697947213996e+00
4.007820136852394827e-02 1.040078201368523914e+00
4.027370478983382379e-02 1.040273704789833831e+00
4.046920821114369238e-02 1.040469208211143748e+00
4.066471163245356790e-02 1.040664711632453665e+00
4.086021505376344343e-02 1.040860215053763360e+00
4.105571847507331201e-02 1.041055718475073277e+00
4.125122189638318754e-02 1.041251221896383194e+00
4.144672531769305612e-02 1.041446725317693112e+00
4.164222873900293165e-02 1.041642228739003029e+00
4.183773216031280717e-02 1.041837732160312724e+00
4.203323558162267576e-02 1.042033235581622641e+00
4.222873900293255128e-02 1.042228739002932558e+00
4.242424242424242681e-02 1.042424242424242475e+00
4.261974584555229539e-02 1.042619745845552393e+00
4.281524926686217092e-02 1.042815249266862088e+00
4.301075268817204644e-02 1.043010752688172005e+00
4.320625610948191503e-02 1.043206256109481922e+00
4.340175953079179055e-02 1.043401759530791839e+00
4.359726295210165914e-02 1.043597262952101756e+00
4.379276637341153466e-02 1.043792766373411451e+00
4.398826979472141019e-02 1.043988269794721369e+00
4.418377321603127877e-02 1.044183773216031286e+00
4.437927663734115430e-02 1.044379276637341203e+00
4.457478005865102288e-02 1.044574780058651120e+00
4.477028347996089841e-02 1.044770283479960815e+00
4.496578690127077393e-02 1.044965786901270732e+00
4.516129032258064252e-02 1.045161290322580649e+00
4.535679374389051804e-02 1.045356793743890567e+00
4.555229716520039357e-02 1.045552297165200484e+00
4.574780058651026216e-02 1.045747800586510179e+00
4.594330400782013768e-02 1.045943304007820096e+00
4.613880742913001320e-02 1.046138807429130013e+00
4.633431085043988179e-02 1.046334310850439930e+00
4.652981427174975732e-02 1.046529814271749848e+00
4.672531769305962590e-02 1.046725317693059543e+00
4.692082111436950143e-02 1.046920821114369460e+00
4.711632453567937695e-02 1.047116324535679377e+00
4.731182795698924554e-02 1.047311827956989294e+00
4.750733137829912106e-02 1.047507331378299211e+00
4.770283479960898965e-02 1.047702834799608906e+00
4.789833822091886517e-02 1.047898338220918824e+00
4.809384164222874070e-02 1.048093841642228741e+00
4.828934506353860928e-02 1.048289345063538658e+00
4.848484848484848481e-02 1.048484848484848575e+00
4.868035190615836033e-02 1.048680351906158270e+00
4.887585532746822892e-02 1.048875855327468187e+00
4.907135874877810444e-02 1.049071358748778104e+00
4.926686217008797997e-02 1.049266862170088022e+00
4.946236559139784855e-02 1.049462365591397939e+00
4.965786901270772408e-02 1.049657869012707634e+00
4.985337243401759266e-02 1.049853372434017551e+00
5.004887585532746819e-02 1.050048875855327468e+00
5.024437927663734371e-02 1.050244379276637385e+00
5.043988269794721230e-02 1.050439882697947303e+00
5.063538611925708782e-02 1.050635386119256998e+00
5.083088954056695641e-02 1.050830889540566915e+00
5.102639296187683193e-02 1.051026392961876832e+00
5.122189638318670746e-02 1.051221896383186749e+00
5.141739980449657604e-02 1.051417399804496666e+00
5.161290322580645157e-02 1.051612903225806361e+00
5.180840664711632709e-02 1.051808406647116279e+00
5.200391006842619568e-02 1.052003910068426196e+00
5.219941348973607120e-02 1.052199413489736113e+00
5.239491691104594673e-02 1.052394916911046030e+00
5.259042033235581531e-02 1.052590420332355725e+00
5.278592375366569084e-02 1.052785923753665642e+00
5.298142717497555942e-02 1.052981427174975559e+00
5.317693059628543495e-02 1.053176930596285477e+00
5.337243401759531047e-02 1.053372434017595394e+00
5.356793743890517906e-02 1.053567937438905089e+00
5.376344086021505458e-02 1.053763440860215006e+00
5.395894428152492317e-02 1.053958944281524923e+00
5.415444770283479869e-02 1.054154447702834840e+00
5.434995112414467422e-02 1.054349951124144757e+00
5.454545454545454281e-02 1.054545454545454453e+00
5.474095796676441833e-02 1.054740957966764370e+00
5.493646138807429385e-02 1.054936461388074287e+00
5.513196480938416244e-02 1.055131964809384204e+00
5.532746823069403797e-02 1.055327468230694121e+00
5.552297165200391349e-02 1.055522971652003816e+00
5.571847507331378208e-02 1.055718475073313734e+00
5.591397849462365760e-02 1.055913978494623651e+00
5.610948191593352619e-02 1.056109481915933568e+00
5.630498533724340171e-02 1.056304985337243485e+00
5.650048875855327724e-02 1.056500488758553180e+00
5.669599217986314582e-02 1.056695992179863097e+00
5.689149560117302135e-02 1.056891495601173014e+00
5.708699902248288993e-02 1.057086999022482932e+00
5.728250244379276546e-02 1.057282502443792849e+00
5.747800586510264098e-02 1.057478005865102544e+00
5.767350928641250957e-02 1.057673509286412461e+00
5.786901270772238509e-02 1.057869012707722378e+00
5.806451612903226062e-02 1.058064516129032295e+00
5.826001955034212920e-02 1.058260019550342212e+00
5.845552297165200473e-02 1.058455522971651908e+00
5.865102639296188025e-02 1.058651026392961825e+00
5.884652981427174884e-02 1.058846529814271742e+00
5.904203323558162436e-02 1.059042033235581659e+00
5.923753665689149295e-02 1.059237536656891576e+00
5.943304007820136847e-02 1.059433040078201271e+00
5.962854349951124400e-02 1.059628543499511188e+00
5.982404692082111258e-02 1.059824046920821106e+00
6.001955034213098811e-02 1.060019550342131023e+00
6.021505376344085669e-02 1.060215053763440940e+00
6.041055718475073222e-02 1.060410557184750635e+00
6.060606060606060774e-02 1.060606060606060552e+00
6.080156402737047633e-02 1.060801564027370469e+00
6.099706744868035185e-02 1.060997067448680387e+00
6.119257086999022738e-02 1.061192570869990304e+00
6.138807429130009596e-02 1.061388074291299999e+00
6.158357771260997149e-02 1.061583577712609916e+00
6.177908113391984701e-02 1.061779081133919833e+00
6.197458455522971560e-02 1.061974584555229750e+00
6.217008797653959112e-02 1.062170087976539667e+00
6.236559139784945971e-02 1.062365591397849363e+00
6.256109481915933523e-02 1.062561094819159280e+00
6.275659824046921076e-02 1.062756598240469197e+00
6.295210166177908628e-02 1.062952101661779114e+00
6.314760508308894793e-02 1.063147605083089031e+00
6.334310850439882346e-02 1.063343108504398726e+00
6.353861192570869898e-02 1.063538611925708643e+00
6.373411534701857450e-02 1.063734115347018561e+00
6.392961876832845003e-02 1.063929618768328478e+00
6.412512218963831168e-02 1.064125122189638395e+00
6.432062561094818720e-02 1.064320625610948090e+00
6.451612903225806273e-02 1.064516129032258007e+00
6.471163245356793825e-02 1.064711632453567924e+00
6.490713587487781377e-02 1.064907135874877842e+00
6.510263929618768930e-02 1.065102639296187759e+00
6.529814271749755095e-02 1.065298142717497454e+00
6.549364613880742647e-02 1.065493646138807371e+00
6.568914956011730200e-02 1.065689149560117288e+00
6.588465298142717752e-02 1.065884652981427205e+00
6.608015640273705305e-02 1.066080156402737122e+00
6.627565982404691469e-02 1.066275659824046818e+00
6.647116324535679022e-02 1.066471163245356735e+00
6.666666666666666574e-02 1.066666666666666652e+00
6.686217008797654127e-02 1.066862170087976569e+00
6.705767350928641679e-02 1.067057673509286486e+00
6.725317693059629232e-02 1.067253176930596403e+00
6.744868035190615396e-02 1.067448680351906098e+00
6.764418377321602949e-02 1.067644183773216016e+00
6.783968719452590501e-02 1.067839687194525933e+00
6.803519061583578054e-02 1.068035190615835850e+00
6.823069403714565606e-02 1.068230694037145767e+00
6.842619745845551771e-02 1.068426197458455462e+00
6.862170087976539323e-02 1.068621700879765379e+00
6.881720430107526876e-02 1.068817204301075297e+00
6.901270772238514428e-02 1.069012707722385214e+00
6.920821114369501981e-02 1.069208211143695131e+00
6.940371456500488145e-02 1.069403714565004826e+00
6.959921798631475698e-02 1.069599217986314743e+00
6.979472140762463250e-02 1.069794721407624660e+00
6.999022482893450803e-02 1.069990224828934577e+00
7.018572825024438355e-02 1.070185728250244495e+00
7.038123167155424520e-02 1.070381231671554190e+00
7.057673509286412072e-02 1.070576735092864107e+00
7.077223851417399625e-02 1.070772238514174024e+00
7.096774193548387177e-02 1.070967741935483941e+00
7.116324535679374730e-02 1.071163245356793858e+00
7.135874877810362282e-02 1.071358748778103553e+00
7.155425219941348447e-02 1.071554252199413471e+00
7.174975562072335999e-02 1.071749755620723388e+00
7.194525904203323552e-02 1.071945259042033305e+00
7.214076246334311104e-02 1.072140762463343222e+00
7.233626588465298657e-02 1.072336265884652917e+00
7.253176930596284822e-02 1.072531769305962834e+00
7.272727272727272374e-02 1.072727272727272751e+00
7.292277614858259926e-02 1.072922776148582669e+00
7.311827956989247479e-02 1.073118279569892586e+00
7.331378299120235031e-02 1.073313782991202281e+00
7.350928641251222584e-02 1.073509286412512198e+00
7.370478983382208749e-02 1.073704789833822115e+00
7.390029325513196301e-02 1.073900293255132032e+00
7.409579667644183854e-02 1.074095796676441950e+00
7.429130009775171406e-02 1.074291300097751645e+00
7.448680351906158958e-02 1.074486803519061562e+00
7.468230694037145123e-02 1.074682306940371479e+00
7.487781036168132676e-02 1.074877810361681396e+00
7.507331378299120228e-02 1.075073313782991313e+00
7.526881720430107781e-02 1.075268817204301008e+00
7.546432062561095333e-02 1.075464320625610926e+00
7.565982404692081498e-02 1.075659824046920843e+00
7.585532746823069050e-02 1.075855327468230760e+00
7.605083088954056603e-02 1.076050830889540677e+00
7.624633431085044155e-02 1.076246334310850372e+00
7.644183773216031708e-02 1.076441837732160289e+00
7.663734115347017872e-02 1.076637341153470206e+00
7.683284457478005425e-02 1.076832844574780124e+00
7.702834799608992977e-02 1.077028347996090041e+00
7.722385141739980530e-02 1.077223851417399736e+00
7.741935483870968082e-02 1.077419354838709653e+00
7.761485826001955635e-02 1.077614858260019570e+00
7.781036168132941799e-02 1.077810361681329487e+00
7.800586510263929352e-02 1.078005865102639405e+00
7.820136852394916904e-02 1.078201368523949100e+00
7.839687194525904457e-02 1.078396871945259017e+00
7.859237536656892009e-02 1.078592375366568934e+00
7.878787878787878174e-02 1.078787878787878851e+00
7.898338220918865726e-02 1.078983382209188768e+00
7.917888563049853279e-02 1.079178885630498463e+00
7.937438905180840831e-02 1.079374389051808381e+00
7.956989247311828384e-02 1.079569892473118298e+00
7.976539589442815936e-02 1.079765395894428215e+00
7.996089931573802101e-02 1.079960899315738132e+00
8.015640273704789653e-02 1.080156402737047827e+00
8.035190615835777206e-02 1.080351906158357744e+00
8.054740957966764758e-02 1.080547409579667661e+00
8.074291300097752311e-02 1.080742913000977579e+00
8.093841642228738475e-02 1.080938416422287496e+00
8.113391984359726028e-02 1.081133919843597191e+00
8.132942326490713580e-02 1.081329423264907108e+00
8.152492668621701133e-02 1.081524926686217025e+00
8.172043010752688685e-02 1.081720430107526942e+00
8.191593352883674850e-02 1.081915933528836860e+00
8.211143695014662403e-02 1.082111436950146555e+00
8.230694037145649955e-02 1.082306940371456472e+00
8.250244379276637507e-02 1.082502443792766389e+00
8.269794721407625060e-02 1.082697947214076306e+00
8.289345063538611225e-02 1.082893450635386223e+00
8.308895405669598777e-02 1.083088954056695918e+00
8.328445747800586330e-02 1.083284457478005836e+00
8.347996089931573882e-02 1.083479960899315753e+00
8.367546432062561435e-02 1.083675464320625670e+00
8.387096774193548987e-02 1.083870967741935587e+00
8.406647116324535152e-02 1.084066471163245282e+00
8.426197458455522704e-02 1.084261974584555199e+00
8.445747800586510257e-02 1.084457478005865116e+00
8.465298142717497809e-02 1.084652981427175034e+00
8.484848484848485362e-02 1.084848484848484951e+00
8.504398826979471526e-02 1.085043988269794646e+00
8.523949169110459079e-02 1.085239491691104563e+00
8.543499511241446631e-02 1.085434995112414480e+00
8.563049853372434184e-02 1.085630498533724397e+00
8.582600195503421736e-02 1.085826001955034315e+00
8.602150537634409289e-02 1.086021505376344010e+00
8.621700879765395453e-02 1.086217008797653927e+00
8.641251221896383006e-02 1.086412512218963844e+00
8.660801564027370558e-02 1.086608015640273761e+00
8.680351906158358111e-02 1.086803519061583678e+00
8.699902248289345663e-02 1.086999022482893373e+00
8.719452590420331828e-02 1.087194525904203291e+00
8.739002932551319380e-02 1.087390029325513208e+00
8.758553274682306933e-02 1.087585532746823125e+00
8.778103616813294485e-02 1.087781036168133042e+00
8.797653958944282038e-02 1.087976539589442737e+00
8.817204301075268202e-02 1.088172043010752654e+00
8.836754643206255755e-02 1.088367546432062571e+00
8.856304985337243307e-02 1.088563049853372489e+00
8.875855327468230860e-02 1.088758553274682406e+00
8.895405669599218412e-02 1.088954056695992101e+00
8.914956011730204577e-02 1.089149560117302018e+00
8.934506353861192129e-02 1.089345063538611935e+00
8.954056695992179682e-02 1.089540566959921852e+00
8.973607038123167234e-02 1.089736070381231769e+00
8.993157380254154787e-02 1.089931573802541465e+00
9.012707722385142339e-02 1.090127077223851382e+00
9.032258064516128504e-02 1.090322580645161299e+00
9.051808406647116056e-02 1.090518084066471216e+00
9.071358748778103609e-02 1.090713587487781133e+00
9.090909090909091161e-02 1.090909090909090828e+00
9.110459433040078714e-02 1.091104594330400746e+00
9.130009775171064879e-02 1.091300097751710663e+00
9.149560117302052431e-02 1.091495601173020580e+00
9.169110459433039984e-02 1.091691104594330497e+00
9.188660801564027536e-02 1.091886608015640192e+00
9.208211143695015088e-02 1.092082111436950109e+00
9.227761485826002641e-02 1.092277614858260026e+00
9.247311827956988806e-02 1.092473118279569944e+00
9.266862170087976358e-02 1.092668621700879861e+00
9.286412512218963911e-02 1.092864125122189556e+00
9.305962854349951463e-02 1.093059628543499473e+00
9.325513196480939015e-02 1.093255131964809390e+00
9.345063538611925180e-02 1.093450635386119307e+00
9.364613880742912733e-02 1.093646138807429224e+00
9.384164222873900285e-02 1.093841642228738920e+00
9.403714565004887838e-02 1.094037145650048837e+00
9.423264907135875390e-02 1.094232649071358754e+00
9.442815249266861555e-02 1.094428152492668671e+00
9.462365591397849107e-02 1.094623655913978588e+00
9.481915933528836660e-02 1.094819159335288283e+00
9.501466275659824212e-02 1.095014662756598200e+00
9.521016617790811765e-02 1.095210166177908118e+00
9.540566959921797929e-02 1.095405669599218035e+00
9.560117302052785482e-02 1.095601173020527952e+00
9.579667644183773034e-02 1.095796676441837647e+00
9.599217986314760587e-02 1.095992179863147564e+00
9.618768328445748139e-02 1.096187683284457481e+00
9.638318670576735692e-02 1.096383186705767399e+00
9.657869012707721856e-02 1.096578690127077316e+00
9.677419354838709409e-02 1.096774193548387011e+00
9.696969696969696961e-02 1.096969696969696928e+00
9.716520039100684514e-02 1.097165200391006845e+00
9.736070381231672066e-02 1.097360703812316762e+00
9.755620723362658231e-02 1.097556207233626679e+00
9.775171065493645783e-02 1.097751710654936375e+00
9.794721407624633336e-02 1.097947214076246292e+00
9.814271749755620888e-02 1.098142717497556209e+00
9.833822091886608441e-02 1.098338220918866126e+00
9.853372434017595993e-02 1.098533724340176043e+00
9.872922776148582158e-02 1.098729227761485738e+00
9.892473118279569710e-02 1.098924731182795655e+00
9.912023460410557263e-02 1.099120234604105573e+00
9.931573802541544815e-02 1.099315738025415490e+00
9.951124144672532368e-02 1.099511241446725407e+00
9.970674486803518533e-02 1.099706744868035102e+00
9.990224828934506085e-02 1.099902248289345019e+00
1.000977517106549364e-01 1.100097751710654936e+00
1.002932551319648119e-01 1.100293255131964854e+00
1.004887585532746874e-01 1.100488758553274771e+00
1.006842619745845491e-01 1.100684261974584466e+00
1.008797653958944246e-01 1.100879765395894383e+00
1.010752688172043001e-01 1.101075268817204300e+00
1.012707722385141756e-01 1.101270772238514217e+00
1.014662756598240512e-01 1.101466275659824134e+00
1.016617790811339128e-01 1.101661779081133830e+00
1.018572825024437883e-01 1.101857282502443747e+00
1.020527859237536639e-01 1.102052785923753664e+00
1.022482893450635394e-01 1.102248289345063581e+00
1.024437927663734149e-01 1.102443792766373498e+00
1.026392961876832904e-01 1.102639296187683193e+00
1.028347996089931521e-01 1.102834799608993110e+00
1.030303030303030276e-01 1.103030303030303028e+00
1.032258064516129031e-01 1.103225806451612945e+00
1.034213098729227787e-01 1.103421309872922862e+00
1.036168132942326542e-01 1.103616813294232557e+00
1.038123167155425158e-01 1.103812316715542474e+00
1.040078201368523914e-01 1.104007820136852391e+00
1.042033235581622669e-01 1.104203323558162309e+00
1.043988269794721424e-01 1.104398826979472226e+00
1.045943304007820179e-01 1.104594330400781921e+00
1.047898338220918935e-01 1.104789833822091838e+00
1.049853372434017551e-01 1.104985337243401755e+00
1.051808406647116306e-01 1.105180840664711672e+00
1.053763440860215062e-01 1.105376344086021589e+00
1.055718475073313817e-01 1.105571847507331285e+00
1.057673509286412572e-01 1.105767350928641202e+00
1.059628543499511188e-01 1.105962854349951119e+00
1.061583577712609944e-01 1.106158357771261036e+00
1.063538611925708699e-01 1.106353861192570953e+00
1.065493646138807454e-01 1.106549364613880648e+00
1.067448680351906209e-01 1.106744868035190565e+00
1.069403714565004826e-01 1.106940371456500483e+00
1.071358748778103581e-01 1.107135874877810400e+00
1.073313782991202336e-01 1.107331378299120317e+00
1.075268817204301092e-01 1.107526881720430012e+00
1.077223851417399847e-01 1.107722385141739929e+00
1.079178885630498463e-01 1.107917888563049846e+00
1.081133919843597219e-01 1.108113391984359763e+00
1.083088954056695974e-01 1.108308895405669681e+00
1.085043988269794729e-01 1.108504398826979376e+00
1.086999022482893484e-01 1.108699902248289293e+00
1.088954056695992240e-01 1.108895405669599210e+00
1.090909090909090856e-01 1.109090909090909127e+00
1.092864125122189611e-01 1.109286412512219044e+00
1.094819159335288367e-01 1.109481915933528740e+00
1.096774193548387122e-01 1.109677419354838657e+00
1.098729227761485877e-01 1.109872922776148574e+00
1.100684261974584494e-01 1.110068426197458491e+00
1.102639296187683249e-01 1.110263929618768408e+00
1.104594330400782004e-01 1.110459433040078103e+00
1.106549364613880759e-01 1.110654936461388020e+00
1.108504398826979515e-01 1.110850439882697938e+00
1.110459433040078270e-01 1.111045943304007855e+00
1.112414467253176886e-01 1.111241446725317772e+00
1.114369501466275642e-01 1.111436950146627467e+00
1.116324535679374397e-01 1.111632453567937384e+00
1.118279569892473152e-01 1.111827956989247301e+00
1.120234604105571907e-01 1.112023460410557218e+00
1.122189638318670524e-01 1.112218963831867136e+00
1.124144672531769279e-01 1.112414467253176831e+00
1.126099706744868034e-01 1.112609970674486748e+00
1.128054740957966789e-01 1.112805474095796665e+00
1.130009775171065545e-01 1.113000977517106582e+00
1.131964809384164161e-01 1.113196480938416499e+00
1.133919843597262916e-01 1.113391984359726194e+00
1.135874877810361672e-01 1.113587487781036112e+00
1.137829912023460427e-01 1.113782991202346029e+00
1.139784946236559182e-01 1.113978494623655946e+00
1.141739980449657799e-01 1.114173998044965863e+00
1.143695014662756554e-01 1.114369501466275558e+00
1.145650048875855309e-01 1.114565004887585475e+00
1.147605083088954064e-01 1.114760508308895393e+00
1.149560117302052820e-01 1.114956011730205310e+00
1.151515151515151575e-01 1.115151515151515227e+00
1.153470185728250191e-01 1.115347018572824922e+00
1.155425219941348947e-01 1.115542521994134839e+00
1.157380254154447702e-01 1.115738025415444756e+00
1.159335288367546457e-01 1.115933528836754673e+00
1.161290322580645212e-01 1.116129032258064591e+00
1.163245356793743829e-01 1.116324535679374286e+00
1.165200391006842584e-01 1.116520039100684203e+00
1.167155425219941339e-01 1.116715542521994120e+00
1.169110459433040095e-01 1.116911045943304037e+00
1.171065493646138850e-01 1.117106549364613954e+00
1.173020527859237605e-01 1.117302052785923649e+00
1.174975562072336221e-01 1.117497556207233567e+00
1.176930596285434977e-01 1.117693059628543484e+00
1.178885630498533732e-01 1.117888563049853401e+00
1.180840664711632487e-01 1.118084066471163318e+00
1.182795698924731242e-01 1.118279569892473013e+00
1.184750733137829859e-01 1.118475073313782930e+00
1.186705767350928614e-01 1.118670576735092848e+00
1.188660801564027369e-01 1.118866080156402765e+00
1.190615835777126125e-01 1.119061583577712682e+00
1.192570869990224880e-01 1.119257086999022377e+00
1.194525904203323496e-01 1.119452590420332294e+00
1.196480938416422252e-01 1.119648093841642211e+00
1.198435972629521007e-01 1.119843597262952128e+00
1.200391006842619762e-01 1.120039100684262046e+00
1.202346041055718517e-01 1.120234604105571741e+00
1.204301075268817134e-01 1.120430107526881658e+00
1.206256109481915889e-01 1.120625610948191575e+00
1.208211143695014644e-01 1.120821114369501492e+00
1.210166177908113400e-01 1.121016617790811409e+00
1.212121212121212155e-01 1.121212121212121104e+00
1.214076246334310910e-01 1.121407624633431022e+00
1.216031280547409527e-01 1.121603128054740939e+00
1.217986314760508282e-01 1.121798631476050856e+00
1.219941348973607037e-01 1.121994134897360773e+00
1.221896383186705792e-01 1.122189638318670468e+00
1.223851417399804548e-01 1.122385141739980385e+00
1.225806451612903164e-01 1.122580645161290303e+00
1.227761485826001919e-01 1.122776148582600220e+00
1.229716520039100675e-01 1.122971652003910137e+00
1.231671554252199430e-01 1.123167155425219832e+00
1.233626588465298185e-01 1.123362658846529749e+00
1.235581622678396940e-01 1.123558162267839666e+00
1.237536656891495557e-01 1.123753665689149583e+00
1.239491691104594312e-01 1.123949169110459501e+00
1.241446725317693067e-01 1.124144672531769196e+00
1.243401759530791822e-01 1.124340175953079113e+00
1.245356793743890578e-01 1.124535679374389030e+00
1.247311827956989194e-01 1.124731182795698947e+00
1.249266862170087949e-01 1.124926686217008864e+00
1.251221896383186705e-01 1.125122189638318559e+00
1.253176930596285321e-01 1.125317693059628477e+00
1.255131964809384215e-01 1.125513196480938394e+00
1.257086999022482832e-01 1.125708699902248311e+00
1.259042033235581726e-01 1.125904203323558228e+00
1.260997067448680342e-01 1.126099706744867923e+00
1.262952101661778959e-01 1.126295210166177840e+00
1.264907135874877853e-01 1.126490713587487758e+00
1.266862170087976469e-01 1.126686217008797675e+00
1.268817204301075363e-01 1.126881720430107592e+00
1.270772238514173980e-01 1.127077223851417287e+00
1.272727272727272596e-01 1.127272727272727204e+00
1.274682306940371490e-01 1.127468230694037121e+00
1.276637341153470107e-01 1.127663734115347038e+00
1.278592375366569001e-01 1.127859237536656956e+00
1.280547409579667617e-01 1.128054740957966651e+00
1.282502443792766234e-01 1.128250244379276568e+00
1.284457478005865128e-01 1.128445747800586485e+00
1.286412512218963744e-01 1.128641251221896402e+00
1.288367546432062638e-01 1.128836754643206319e+00
1.290322580645161255e-01 1.129032258064516014e+00
1.292277614858260149e-01 1.129227761485825932e+00
1.294232649071358765e-01 1.129423264907135849e+00
1.296187683284457381e-01 1.129618768328445766e+00
1.298142717497556275e-01 1.129814271749755683e+00
1.300097751710654892e-01 1.130009775171065378e+00
1.302052785923753786e-01 1.130205278592375295e+00
1.304007820136852402e-01 1.130400782013685212e+00
1.305962854349951019e-01 1.130596285434995130e+00
1.307917888563049913e-01 1.130791788856305047e+00
1.309872922776148529e-01 1.130987292277614742e+00
1.311827956989247423e-01 1.131182795698924659e+00
1.313782991202346040e-01 1.131378299120234576e+00
1.315738025415444656e-01 1.131573802541544493e+00
1.317693059628543550e-01 1.131769305962854411e+00
1.319648093841642167e-01 1.131964809384164106e+00
1.321603128054741061e-01 1.132160312805474023e+00
1.323558162267839677e-01 1.132355816226783940e+00
1.325513196480938294e-01 1.132551319648093857e+00
1.327468230694037188e-01 1.132746823069403774e+00
1.329423264907135804e-01 1.132942326490713469e+00
1.331378299120234698e-01 1.133137829912023387e+00
1.333333333333333315e-01 1.133333333333333304e+00
1.335288367546431931e-01 1.133528836754643221e+00
1.337243401759530825e-01 1.133724340175953138e+00
1.339198435972629442e-01 1.133919843597262833e+00
1.341153470185728336e-01 1.134115347018572750e+00
1.343108504398826952e-01 1.134310850439882667e+00
1.345063538611925846e-01 1.134506353861192585e+00
1.347018572825024463e-01 1.134701857282502502e+00
1.348973607038123079e-01 1.134897360703812197e+00
1.350928641251221973e-01 1.135092864125122114e+00
1.352883675464320590e-01 1.135288367546432031e+00
1.354838709677419484e-01 1.135483870967741948e+00
1.356793743890518100e-01 1.135679374389051866e+00
1.358748778103616717e-01 1.135874877810361561e+00
1.360703812316715611e-01 1.136070381231671478e+00
1.362658846529814227e-01 1.136265884652981395e+00
1.364613880742913121e-01 1.136461388074291312e+00
1.366568914956011738e-01 1.136656891495601229e+00
1.368523949169110354e-01 1.136852394916910924e+00
1.370478983382209248e-01 1.137047898338220842e+00
1.372434017595307865e-01 1.137243401759530759e+00
1.374389051808406759e-01 1.137438905180840676e+00
1.376344086021505375e-01 1.137634408602150593e+00
1.378299120234603992e-01 1.137829912023460288e+00
1.380254154447702886e-01 1.138025415444770205e+00
1.382209188660801502e-01 1.138220918866080122e+00
1.384164222873900396e-01 1.138416422287390040e+00
1.386119257086999013e-01 1.138611925708699957e+00
1.388074291300097629e-01 1.138807429130009652e+00
1.390029325513196523e-01 1.139002932551319569e+00
1.391984359726295140e-01 1.139198435972629486e+00
1.393939393939394034e-01 1.139393939393939403e+00
1.395894428152492650e-01 1.139589442815249321e+00
1.397849462365591267e-01 1.139784946236559016e+00
1.399804496578690161e-01 1.139980449657868933e+00
1.401759530791788777e-01 1.140175953079178850e+00
1.403714565004887671e-01 1.140371456500488767e+00
1.405669599217986288e-01 1.140566959921798684e+00
1.407624633431084904e-01 1.140762463343108379e+00
1.409579667644183798e-01 1.140957966764418297e+00
1.411534701857282414e-01 1.141153470185728214e+00
1.413489736070381309e-01 1.141348973607038131e+00
1.415444770283479925e-01 1.141544477028348048e+00
1.417399804496578819e-01 1.141739980449657965e+00
1.419354838709677435e-01 1.141935483870967660e+00
1.421309872922776052e-01 1.142130987292277577e+00
1.423264907135874946e-01 1.142326490713587495e+00
1.425219941348973562e-01 1.142521994134897412e+00
1.427174975562072456e-01 1.142717497556207329e+00
1.429130009775171073e-01 1.142913000977517024e+00
1.431085043988269689e-01 1.143108504398826941e+00
1.433040078201368583e-01 1.143304007820136858e+00
1.434995112414467200e-01 1.143499511241446776e+00
1.436950146627566094e-01 1.143695014662756693e+00
1.438905180840664710e-01 1.143890518084066388e+00
1.440860215053763327e-01 1.144086021505376305e+00
1.442815249266862221e-01 1.144281524926686222e+00
1.444770283479960837e-01 1.144477028347996139e+00
1.446725317693059731e-01 1.144672531769306056e+00
1.448680351906158348e-01 1.144868035190615752e+00
1.450635386119256964e-01 1.145063538611925669e+00
1.452590420332355858e-01 1.145259042033235586e+00
1.454545454545454475e-01 1.145454545454545503e+00
1.456500488758553369e-01 1.145650048875855420e+00
1.458455522971651985e-01 1.145845552297165115e+00
1.460410557184750602e-01 1.146041055718475032e+00
1.462365591397849496e-01 1.146236559139784950e+00
1.464320625610948112e-01 1.146432062561094867e+00
1.466275659824047006e-01 1.146627565982404784e+00
1.468230694037145623e-01 1.146823069403714479e+00
1.470185728250244517e-01 1.147018572825024396e+00
1.472140762463343133e-01 1.147214076246334313e+00
1.474095796676441750e-01 1.147409579667644230e+00
1.476050830889540644e-01 1.147605083088954148e+00
1.478005865102639260e-01 1.147800586510263843e+00
1.479960899315738154e-01 1.147996089931573760e+00
1.481915933528836771e-01 1.148191593352883677e+00
1.483870967741935387e-01 1.148387096774193594e+00
1.485826001955034281e-01 1.148582600195503511e+00
1.487781036168132898e-01 1.148778103616813207e+00
1.489736070381231792e-01 1.148973607038123124e+00
1.491691104594330408e-01 1.149169110459433041e+00
1.493646138807429025e-01 1.149364613880742958e+00
1.495601173020527919e-01 1.149560117302052875e+00
1.497556207233626535e-01 1.149755620723362570e+00
1.499511241446725429e-01 1.149951124144672487e+00
1.501466275659824046e-01 1.150146627565982405e+00
1.503421309872922662e-01 1.150342130987292322e+00
1.505376344086021556e-01 1.150537634408602239e+00
1.507331378299120173e-01 1.150733137829911934e+00
1.509286412512219067e-01 1.150928641251221851e+00
1.511241446725317683e-01 1.151124144672531768e+00
1.513196480938416300e-01 1.151319648093841685e+00
1.515151515151515194e-01 1.151515151515151603e+00
1.517106549364613810e-01 1.151710654936461298e+00
1.519061583577712704e-01 1.151906158357771215e+00
1.521016617790811321e-01 1.152101661779081132e+00
1.522971652003909937e-01 1.152297165200391049e+00
1.524926686217008831e-01 1.152492668621700966e+00
1.526881720430107447e-01 1.152688172043010661e+00
1.528836754643206342e-01 1.152883675464320579e+00
1.530791788856304958e-01 1.153079178885630496e+00
1.532746823069403574e-01 1.153274682306940413e+00
1.534701857282502468e-01 1.153470185728250330e+00
1.536656891495601085e-01 1.153665689149560025e+00
1.538611925708699979e-01 1.153861192570869942e+00
1.540566959921798595e-01 1.154056695992179860e+00
1.542521994134897489e-01 1.154252199413489777e+00
1.544477028347996106e-01 1.154447702834799694e+00
1.546432062561094722e-01 1.154643206256109389e+00
1.548387096774193616e-01 1.154838709677419306e+00
1.550342130987292233e-01 1.155034213098729223e+00
1.552297165200391127e-01 1.155229716520039140e+00
1.554252199413489743e-01 1.155425219941349058e+00
1.556207233626588360e-01 1.155620723362658753e+00
1.558162267839687254e-01 1.155816226783968670e+00
1.560117302052785870e-01 1.156011730205278587e+00
1.562072336265884764e-01 1.156207233626588504e+00
1.564027370478983381e-01 1.156402737047898421e+00
1.565982404692081997e-01 1.156598240469208116e+00
1.567937438905180891e-01 1.156793743890518034e+00
1.569892473118279508e-01 1.156989247311827951e+00
1.571847507331378402e-01 1.157184750733137868e+00
1.573802541544477018e-01 1.157380254154447785e+00
1.575757575757575635e-01 1.157575757575757480e+00
1.577712609970674529e-01 1.157771260997067397e+00
1.579667644183773145e-01 1.157966764418377315e+00
1.581622678396872039e-01 1.158162267839687232e+00
1.583577712609970656e-01 1.158357771260997149e+00
1.585532746823069272e-01 1.158553274682306844e+00
1.587487781036168166e-01 1.158748778103616761e+00
1.589442815249266783e-01 1.158944281524926678e+00
1.591397849462365677e-01 1.159139784946236595e+00
1.593352883675464293e-01 1.159335288367546513e+00
1.595307917888563187e-01 1.159530791788856430e+00
1.597262952101661804e-01 1.159726295210166125e+00
1.599217986314760420e-01 1.159921798631476042e+00
1.601173020527859314e-01 1.160117302052785959e+00
1.603128054740957931e-01 1.160312805474095876e+00
1.605083088954056825e-01 1.160508308895405793e+00
1.607038123167155441e-01 1.160703812316715489e+00
1.608993157380254058e-01 1.160899315738025406e+00
1.610948191593352952e-01 1.161094819159335323e+00
1.612903225806451568e-01 1.161290322580645240e+00
1.614858260019550462e-01 1.161485826001955157e+00
1.616813294232649079e-01 1.161681329423264852e+00
1.618768328445747695e-01 1.161876832844574770e+00
1.620723362658846589e-01 1.162072336265884687e+00
1.622678396871945206e-01 1.162267839687194604e+00
1.624633431085044100e-01 1.162463343108504521e+00
1.626588465298142716e-01 1.162658846529814216e+00
1.628543499511241333e-01 1.162854349951124133e+00
1.630498533724340227e-01 1.163049853372434050e+00
1.632453567937438843e-01 1.163245356793743968e+00
1.634408602150537737e-01 1.163440860215053885e+00
1.636363636363636354e-01 1.163636363636363580e+00
1.638318670576734970e-01 1.163831867057673497e+00
1.640273704789833864e-01 1.164027370478983414e+00
1.642228739002932481e-01 1.164222873900293331e+00
1.644183773216031375e-01 1.164418377321603248e+00
1.646138807429129991e-01 1.164613880742912944e+00
1.648093841642228607e-01 1.164809384164222861e+00
1.650048875855327501e-01 1.165004887585532778e+00
1.652003910068426118e-01 1.165200391006842695e+00
1.653958944281525012e-01 1.165395894428152612e+00
1.655913978494623628e-01 1.165591397849462307e+00
1.657869012707722245e-01 1.165786901270772224e+00
1.659824046920821139e-01 1.165982404692082142e+00
1.661779081133919755e-01 1.166177908113392059e+00
1.663734115347018649e-01 1.166373411534701976e+00
1.665689149560117266e-01 1.166568914956011671e+00
1.667644183773216160e-01 1.166764418377321588e+00
1.669599217986314776e-01 1.166959921798631505e+00
1.671554252199413393e-01 1.167155425219941423e+00
1.673509286412512287e-01 1.167350928641251340e+00
1.675464320625610903e-01 1.167546432062561035e+00
1.677419354838709797e-01 1.167741935483870952e+00
1.679374389051808414e-01 1.167937438905180869e+00
1.681329423264907030e-01 1.168132942326490786e+00
1.683284457478005924e-01 1.168328445747800703e+00
1.685239491691104541e-01 1.168523949169110399e+00
1.687194525904203435e-01 1.168719452590420316e+00
1.689149560117302051e-01 1.168914956011730233e+00
1.691104594330400668e-01 1.169110459433040150e+00
1.693059628543499562e-01 1.169305962854350067e+00
1.695014662756598178e-01 1.169501466275659762e+00
1.696969696969697072e-01 1.169696969696969679e+00
1.698924731182795689e-01 1.169892473118279597e+00
1.700879765395894305e-01 1.170087976539589514e+00
1.702834799608993199e-01 1.170283479960899431e+00
1.704789833822091816e-01 1.170478983382209126e+00
1.706744868035190710e-01 1.170674486803519043e+00
1.708699902248289326e-01 1.170869990224828960e+00
1.710654936461387943e-01 1.171065493646138878e+00
1.712609970674486837e-01 1.171260997067448795e+00
1.714565004887585453e-01 1.171456500488758490e+00
1.716520039100684347e-01 1.171652003910068407e+00
1.718475073313782964e-01 1.171847507331378324e+00
1.720430107526881858e-01 1.172043010752688241e+00
1.722385141739980474e-01 1.172238514173998158e+00
1.724340175953079091e-01 1.172434017595307854e+00
1.726295210166177985e-01 1.172629521016617771e+00
1.728250244379276601e-01 1.172825024437927688e+00
1.730205278592375495e-01 1.173020527859237605e+00
1.732160312805474112e-01 1.173216031280547522e+00
1.734115347018572728e-01 1.173411534701857217e+00
1.736070381231671622e-01 1.173607038123167134e+00
1.738025415444770239e-01 1.173802541544477052e+00
1.739980449657869133e-01 1.173998044965786969e+00
1.741935483870967749e-01 1.174193548387096886e+00
1.743890518084066366e-01 1.174389051808406581e+00
1.745845552297165260e-01 1.174584555229716498e+00
1.747800586510263876e-01 1.174780058651026415e+00
1.749755620723362770e-01 1.174975562072336333e+00
1.751710654936461387e-01 1.175171065493646250e+00
1.753665689149560003e-01 1.175366568914955945e+00
1.755620723362658897e-01 1.175562072336265862e+00
1.757575757575757514e-01 1.175757575757575779e+00
1.759530791788856408e-01 1.175953079178885696e+00
1.761485826001955024e-01 1.176148582600195613e+00
1.763440860215053640e-01 1.176344086021505309e+00
1.765395894428152535e-01 1.176539589442815226e+00
1.767350928641251151e-01 1.176735092864125143e+00
1.769305962854350045e-01 1.176930596285435060e+00
1.771260997067448661e-01 1.177126099706744977e+00
1.773216031280547278e-01 1.177321603128054672e+00
1.775171065493646172e-01 1.177517106549364589e+00
1.777126099706744788e-01 1.177712609970674507e+00
1.779081133919843682e-01 1.177908113391984424e+00
1.781036168132942299e-01 1.178103616813294341e+00
1.782991202346040915e-01 1.178299120234604036e+00
1.784946236559139809e-01 1.178494623655913953e+00
1.786901270772238426e-01 1.178690127077223870e+00
1.788856304985337320e-01 1.178885630498533788e+00
1.790811339198435936e-01 1.179081133919843705e+00
1.792766373411534830e-01 1.179276637341153400e+00
1.794721407624633447e-01 1.179472140762463317e+00
1.796676441837732063e-01 1.179667644183773234e+00
1.798631476050830957e-01 1.179863147605083151e+00
1.800586510263929574e-01 1.180058651026393068e+00
1.802541544477028468e-01 1.180254154447702764e+00
1.804496578690127084e-01 1.180449657869012681e+00
1.806451612903225701e-01 1.180645161290322598e+00
1.808406647116324595e-01 1.180840664711632515e+00
1.810361681329423211e-01 1.181036168132942432e+00
1.812316715542522105e-01 1.181231671554252127e+00
1.814271749755620722e-01 1.181427174975562044e+00
1.816226783968719338e-01 1.181622678396871962e+00
1.818181818181818232e-01 1.181818181818181879e+00
1.820136852394916849e-01 1.182013685239491796e+00
1.822091886608015743e-01 1.182209188660801491e+00
1.824046920821114359e-01 1.182404692082111408e+00
1.826001955034212976e-01 1.182600195503421325e+00
1.827956989247311870e-01 1.182795698924731242e+00
1.829912023460410486e-01 1.182991202346041160e+00
1.831867057673509380e-01 1.183186705767350855e+00
1.833822091886607997e-01 1.183382209188660772e+00
1.835777126099706613e-01 1.183577712609970689e+00
1.837732160312805507e-01 1.183773216031280606e+00
1.839687194525904124e-01 1.183968719452590523e+00
1.841642228739003018e-01 1.184164222873900219e+00
1.843597262952101634e-01 1.184359726295210136e+00
1.845552297165200528e-01 1.184555229716520053e+00
1.847507331378299145e-01 1.184750733137829970e+00
1.849462365591397761e-01 1.184946236559139887e+00
1.851417399804496655e-01 1.185141739980449582e+00
1.853372434017595272e-01 1.185337243401759499e+00
1.855327468230694166e-01 1.185532746823069417e+00
1.857282502443792782e-01 1.185728250244379334e+00
1.859237536656891399e-01 1.185923753665689251e+00
1.861192570869990293e-01 1.186119257086998946e+00
1.863147605083088909e-01 1.186314760508308863e+00
1.865102639296187803e-01 1.186510263929618780e+00
1.867057673509286420e-01 1.186705767350928697e+00
1.869012707722385036e-01 1.186901270772238615e+00
1.870967741935483930e-01 1.187096774193548310e+00
1.872922776148582547e-01 1.187292277614858227e+00
1.874877810361681441e-01 1.187487781036168144e+00
1.876832844574780057e-01 1.187683284457478061e+00
1.878787878787878673e-01 1.187878787878787978e+00
1.880742913000977568e-01 1.188074291300097673e+00
1.882697947214076184e-01 1.188269794721407591e+00
1.884652981427175078e-01 1.188465298142717508e+00
1.886608015640273694e-01 1.188660801564027425e+00
1.888563049853372311e-01 1.188856304985337342e+00
1.890518084066471205e-01 1.189051808406647037e+00
1.892473118279569821e-01 1.189247311827956954e+00
1.894428152492668715e-01 1.189442815249266872e+00
1.896383186705767332e-01 1.189638318670576789e+00
1.898338220918865948e-01 1.189833822091886706e+00
1.900293255131964842e-01 1.190029325513196401e+00
1.902248289345063459e-01 1.190224828934506318e+00
1.904203323558162353e-01 1.190420332355816235e+00
1.906158357771260969e-01 1.190615835777126152e+00
1.908113391984359586e-01 1.190811339198436070e+00
1.910068426197458480e-01 1.191006842619745765e+00
1.912023460410557096e-01 1.191202346041055682e+00
1.913978494623655990e-01 1.191397849462365599e+00
1.915933528836754607e-01 1.191593352883675516e+00
1.917888563049853501e-01 1.191788856304985433e+00
1.919843597262952117e-01 1.191984359726295128e+00
1.921798631476050734e-01 1.192179863147605046e+00
1.923753665689149628e-01 1.192375366568914963e+00
1.925708699902248244e-01 1.192570869990224880e+00
1.927663734115347138e-01 1.192766373411534797e+00
1.929618768328445755e-01 1.192961876832844492e+00
1.931573802541544371e-01 1.193157380254154409e+00
1.933528836754643265e-01 1.193352883675464327e+00
1.935483870967741882e-01 1.193548387096774244e+00
1.937438905180840776e-01 1.193743890518084161e+00
1.939393939393939392e-01 1.193939393939393856e+00
1.941348973607038009e-01 1.194134897360703773e+00
1.943304007820136903e-01 1.194330400782013690e+00
1.945259042033235519e-01 1.194525904203323607e+00
1.947214076246334413e-01 1.194721407624633525e+00
1.949169110459433030e-01 1.194916911045943220e+00
1.951124144672531646e-01 1.195112414467253137e+00
1.953079178885630540e-01 1.195307917888563054e+00
1.955034213098729157e-01 1.195503421309872971e+00
1.956989247311828051e-01 1.195698924731182888e+00
1.958944281524926667e-01 1.195894428152492583e+00
1.960899315738025284e-01 1.196089931573802501e+00
1.962854349951124178e-01 1.196285434995112418e+00
1.964809384164222794e-01 1.196480938416422335e+00
1.966764418377321688e-01 1.196676441837732252e+00
1.968719452590420305e-01 1.196871945259041947e+00
1.970674486803519199e-01 1.197067448680351864e+00
1.972629521016617815e-01 1.197262952101661782e+00
1.974584555229716432e-01 1.197458455522971699e+00
1.976539589442815326e-01 1.197653958944281616e+00
1.978494623655913942e-01 1.197849462365591311e+00
1.980449657869012836e-01 1.198044965786901228e+00
1.982404692082111453e-01 1.198240469208211145e+00
1.984359726295210069e-01 1.198435972629521062e+00
1.986314760508308963e-01 1.198631476050830980e+00
1.988269794721407580e-01 1.198826979472140675e+00
1.990224828934506474e-01 1.199022482893450592e+00
1.992179863147605090e-01 1.199217986314760509e+00
1.994134897360703707e-01 1.199413489736070426e+00
1.996089931573802601e-01 1.199608993157380343e+00
1.998044965786901217e-01 1.199804496578690038e+00
2.000000000000000111e-01 1.199999999999999956e+00
