0.000000000000000000e+00 0.000000000000000000e+00
1.955034213098729226e-04 5.144614850061313485e-03
3.910068426197458452e-04 2.055867461599717935e-02
5.865102639296187678e-04 4.619943569916008103e-02
7.820136852394916904e-04 8.201127089156068362e-02
9.775171065493646130e-04 1.279283939788823932e-01
1.173020527859237536e-03 1.838764005650315447e-01
1.368523949169110458e-03 2.497733215606447454e-01
1.564027370478983381e-03 3.255304139944505404e-01
1.759530791788856303e-03 4.110527900479271080e-01
1.955034213098729226e-03 5.062399377224686692e-01
2.150537634408602149e-03 6.109861645187324442e-01
2.346041055718475071e-03 7.251809839682573644e-01
2.541544477028347994e-03 8.487094582682835897e-01
2.737047898338220916e-03 9.814525062558020485e-01
2.932551319648093839e-03 1.123287183382744026e+00
3.128054740957966762e-03 1.274086938634620303e+00
3.323558162267839684e-03 1.433721852146530251e+00
3.519061583577712607e-03 1.602058856425442324e+00
3.714565004887585530e-03 1.778961943472002316e+00
3.910068426197458452e-03 1.964292359637076046e+00
4.105571847507331375e-03 2.157908789701169727e+00
4.301075268817204297e-03 2.359667531397612539e+00
4.496578690127077220e-03 2.569422661391640883e+00
4.692082111436950143e-03 2.787026193562406551e+00
4.887585532746823065e-03 3.012328230302780518e+00
5.083088954056695988e-03 3.245177107445030185e+00
5.278592375366568910e-03 3.485419533333289355e+00
5.474095796676441833e-03 3.732900722491982126e+00
5.669599217986314756e-03 3.987464524279927591e+00
5.865102639296187678e-03 4.248953546870121833e+00
6.060606060606060601e-03 4.517209276853444422e+00
6.256109481915933523e-03 4.792072194729219525e+00
6.451612903225806446e-03 5.073381886515504036e+00
6.647116324535679369e-03 5.360977151686284969e+00
6.842619745845552291e-03 5.654696107620751810e+00
7.038123167155425214e-03 5.954376290730726495e+00
7.233626588465298136e-03 6.259854754415894895e+00
7.429130009775171059e-03 6.570968163982113808e+00
7.624633431085043982e-03 6.887552888645597449e+00
7.820136852394916904e-03 7.209445090734797112e+00
8.015640273704788960e-03 7.536480812192184686e+00
8.211143695014662749e-03 7.868496058469691690e+00
8.406647116324536539e-03 8.205326879904005111e+00
8.602150537634408595e-03 8.546809450651410955e+00
8.797653958944280650e-03 8.892780145255825275e+00
8.993157380254154440e-03 9.243075612918605799e+00
9.188660801564028230e-03 9.597532849533820354e+00
9.384164222873900285e-03 9.955989267548797983e+00
9.579667644183772340e-03 1.031828276370569952e+01
9.775171065493646130e-03 1.068425178471676773e+01
9.970674486803519920e-03 1.105373539092272495e+01
1.016617790811339198e-02 1.142657331798121234e+01
1.036168132942326403e-02 1.180260603662959085e+01
1.055718475073313782e-02 1.218167481056429580e+01
1.075268817204301161e-02 1.256362175247692470e+01
1.094819159335288367e-02 1.294828987828541500e+01
1.114369501466275572e-02 1.333552315959705048e+01
1.133919843597262951e-02 1.372516657443849830e+01
1.153470185728250330e-02 1.411706615628677319e+01
1.173020527859237536e-02 1.451106904143378351e+01
1.192570869990224741e-02 1.490702351471596465e+01
1.212121212121212120e-02 1.530477905363949453e+01
1.231671554252199499e-02 1.570418637093061598e+01
1.251221896383186705e-02 1.610509745553979499e+01
1.270772238514173910e-02 1.650736561212764641e+01
1.290322580645161289e-02 1.691084549905964352e+01
1.309872922776148668e-02 1.731539316493635994e+01
1.329423264907135874e-02 1.772086608368491767e+01
1.348973607038123079e-02 1.812712318823713886e+01
1.368523949169110458e-02 1.853402490281910531e+01
1.388074291300097837e-02 1.894143317387645453e+01
1.407624633431085043e-02 1.934921149965935427e+01
1.427174975562072248e-02 1.975722495849057125e+01
1.446725317693059627e-02 2.016534023573964518e+01
1.466275659824047006e-02 2.057342564952594088e+01
1.485826001955034212e-02 2.098135117517296422e+01
1.505376344086021417e-02 2.138898846843592594e+01
1.524926686217008796e-02 2.179621088752426417e+01
1.544477028347996175e-02 2.220289351394074018e+01
1.564027370478983381e-02 2.260891317215816798e+01
1.583577712609970586e-02 2.301414844815477778e+01
1.603128054740957792e-02 2.341847970682891855e+01
1.622678396871945344e-02 2.382178910831359886e+01
1.642228739002932550e-02 2.422396062321106669e+01
1.661779081133919755e-02 2.462488004676758990e+01
1.681329423264907308e-02 2.502443501200816200e+01
1.700879765395894513e-02 2.542251500185090762e+01
1.720430107526881719e-02 2.581901136022058907e+01
1.739980449657868924e-02 2.621381730218054784e+01
1.759530791788856130e-02 2.660682792310217692e+01
1.779081133919843682e-02 2.699794020689086693e+01
1.798631476050830888e-02 2.738705303328724838e+01
1.818181818181818094e-02 2.777406718426227172e+01
1.837732160312805646e-02 2.815888534952466671e+01
1.857282502443792851e-02 2.854141213115898523e+01
1.876832844574780057e-02 2.892155404741243885e+01
1.896383186705767263e-02 2.929921953564849701e+01
1.915933528836754468e-02 2.967431895448504520e+01
1.935483870967742021e-02 3.004676458513481307e+01
1.955034213098729226e-02 3.041647063196561618e+01
1.974584555229716432e-02 3.078335322229773396e+01
1.994134897360703984e-02 3.114733040545573317e+01
2.013685239491691190e-02 3.150832215109170420e+01
2.033235581622678395e-02 3.186625034679698487e+01
2.052785923753665601e-02 3.222103879501899826e+01
2.072336265884652806e-02 3.257261320929996629e+01
2.091886608015640359e-02 3.292090120985386648e+01
2.111436950146627564e-02 3.326583231849808442e+01
2.130987292277614770e-02 3.360733795295581672e+01
2.150537634408602322e-02 3.394535142054536436e+01
2.170087976539589528e-02 3.427980791127210125e+01
2.189638318670576733e-02 3.461064449033892743e+01
2.209188660801563939e-02 3.493780009009068266e+01
2.228739002932551144e-02 3.526121550140803862e+01
2.248289345063538697e-02 3.558083336456613921e+01
2.267839687194525902e-02 3.589659815957284650e+01
2.287390029325513108e-02 3.620845619600203236e+01
2.306940371456500660e-02 3.651635560233617639e+01
2.326490713587487866e-02 3.682024631483330523e+01
2.346041055718475071e-02 3.712008006593250542e+01
2.365591397849462277e-02 3.741581037221255457e+01
2.385141739980449482e-02 3.770739252191757629e+01
2.404692082111437035e-02 3.799478356206386565e+01
2.424242424242424240e-02 3.827794228514178343e+01
2.443792766373411446e-02 3.855682921542626218e+01
2.463343108504398998e-02 3.883140659490945268e+01
2.482893450635386204e-02 3.910163836886890465e+01
2.502443792766373409e-02 3.936749017108454751e+01
2.521994134897360615e-02 3.962892930871727515e+01
2.541544477028347820e-02 3.988592474686212341e+01
2.561094819159335373e-02 4.013844709278873069e+01
2.580645161290322578e-02 4.038646857988166516e+01
2.600195503421309784e-02 4.062996305129266261e+01
2.619745845552297336e-02 4.086890594331743642e+01
2.639296187683284542e-02 4.110327426850863475e+01
2.658846529814271747e-02 4.133304659853704521e+01
2.678396871945258953e-02 4.155820304681266464e+01
2.697947214076246158e-02 4.177872525087713029e+01
2.717497556207233711e-02 4.199459635457884588e+01
2.737047898338220916e-02 4.220580099004195063e+01
2.756598240469208122e-02 4.241232525944030840e+01
2.776148582600195674e-02 4.261415671658703985e+01
2.795698924731182880e-02 4.281128434835051166e+01
2.815249266862170086e-02 4.300369855590719936e+01
2.834799608993157291e-02 4.319139113584174794e+01
2.854349951124144497e-02 4.337435526110427730e+01
2.873900293255132049e-02 4.355258546183518575e+01
2.893450635386119255e-02 4.372607760606692295e+01
2.913000977517106460e-02 4.389482888031268715e+01
2.932551319648094013e-02 4.405883777005128366e+01
2.952101661779081218e-02 4.421810404011767304e+01
2.971652003910068424e-02 4.437262871500808359e+01
2.991202346041055629e-02 4.452241405910898919e+01
3.010752688172042835e-02 4.466746355685844350e+01
3.030303030303030387e-02 4.480778189284860247e+01
3.049853372434017593e-02 4.494337493187794053e+01
3.069403714565004798e-02 4.507424969896120359e+01
3.088954056695992351e-02 4.520041435930561846e+01
3.108504398826979556e-02 4.532187819826108210e+01
3.128054740957966762e-02 4.543865160125209712e+01
3.147605083088954314e-02 4.555074603369951802e+01
3.167155425219941173e-02 4.565817402093892952e+01
3.186705767350928725e-02 4.576094912814371440e+01
3.206256109481915584e-02 4.585908594025946883e+01
3.225806451612903136e-02 4.595260004195691295e+01
3.245356793743890689e-02 4.604150799761031720e+01
3.264907135874877547e-02 4.612582733130793855e+01
3.284457478005865100e-02 4.620557650690107465e+01
3.304007820136852652e-02 4.628077490809814520e+01
3.323558162267839511e-02 4.635144281861001758e+01
3.343108504398827063e-02 4.641760140235270882e+01
3.362658846529814616e-02 4.647927268371326903e+01
3.382209188660801474e-02 4.653647952788470121e+01
3.401759530791789027e-02 4.658924562127551638e+01
3.421309872922775885e-02 4.663759545199958723e+01
3.440860215053763438e-02 4.668155429045129523e+01
3.460410557184750990e-02 4.672114816997127207e+01
3.479960899315737849e-02 4.675640386760817790e+01
3.499511241446725401e-02 4.678734888498071598e+01
3.519061583577712260e-02 4.681401142924514858e+01
3.538611925708699812e-02 4.683642039417281921e+01
3.558162267839687365e-02 4.685460534134208643e+01
3.577712609970674223e-02 4.686859648144905321e+01
3.597262952101661776e-02 4.687842465574129136e+01
3.616813294232649328e-02 4.688412131757858958e+01
3.636363636363636187e-02 4.688571851412482516e+01
3.655913978494623739e-02 4.688324886817449766e+01
3.675464320625611292e-02 4.687674556011786819e+01
3.695014662756598151e-02 4.686624231004795860e+01
3.714565004887585703e-02 4.685177336001324733e+01
3.734115347018572562e-02 4.683337345641888305e+01
3.753665689149560114e-02 4.681107783257982646e+01
3.773216031280547667e-02 4.678492219142910358e+01
3.792766373411534525e-02 4.675494268838377110e+01
3.812316715542522078e-02 4.672117591437162787e+01
3.831867057673508936e-02 4.668365887902122324e+01
3.851417399804496489e-02 4.664242899401804010e+01
3.870967741935484041e-02 4.659752405662870700e+01
3.890518084066470900e-02 4.654898223339626639e+01
3.910068426197458452e-02 4.649684204400818999e+01
3.929618768328446005e-02 4.644114234533973473e+01
3.949169110459432863e-02 4.638192231567413160e+01
3.968719452590420416e-02 4.631922143910198031e+01
3.988269794721407968e-02 4.625307949010134934e+01
4.007820136852394827e-02 4.618353651830047113e+01
4.027370478983382379e-02 4.611063283342453190e+01
4.046920821114369238e-02 4.603440899042805512e+01
4.066471163245356790e-02 4.595490577481422179e+01
4.086021505376344343e-02 4.587216418814271890e+01
4.105571847507331201e-02 4.578622543372684106e+01
4.125122189638318754e-02 4.569713090252140830e+01
4.144672531769305612e-02 4.560492215920228176e+01
4.164222873900293165e-02 4.550964092843846487e+01
4.183773216031280717e-02 4.541132908135769242e+01
4.203323558162267576e-02 4.531002862220601202e+01
4.222873900293255128e-02 4.520578167520254453e+01
4.242424242424242681e-02 4.509863047158939509e+01
4.261974584555229539e-02 4.498861733687773778e+01
4.281524926686217092e-02 4.487578467829007423e+01
4.301075268817204644e-02 4.476017497239941889e+01
4.320625610948191503e-02 4.464183075296534753e+01
4.340175953079179055e-02 4.452079459896732061e+01
4.359726295210165914e-02 4.439710912283516109e+01
4.379276637341153466e-02 4.427081695887712698e+01
4.398826979472141019e-02 4.414196075190517377e+01
4.418377321603127877e-02 4.401058314605740662e+01
4.437927663734115430e-02 4.387672677381776509e+01
4.457478005865102288e-02 4.374043424523246415e+01
4.477028347996089841e-02 4.360174813732303534e+01
4.496578690127077393e-02 4.346071098369549901e+01
4.516129032258064252e-02 4.331736526434551848e+01
4.535679374389051804e-02 4.317175339565871894e+01
4.555229716520039357e-02 4.302391772060579456e+01
4.574780058651026216e-02 4.287390049913189216e+01
4.594330400782013768e-02 4.272174389873948286e+01
4.613880742913001320e-02 4.256748998526412464e+01
4.633431085043988179e-02 4.241118071384233446e+01
4.652981427174975732e-02 4.225285792007058205e+01
4.672531769305962590e-02 4.209256331135498641e+01
4.692082111436950143e-02 4.193033845845040730e+01
4.711632453567937695e-02 4.176622478718800124e+01
4.731182795698924554e-02 4.160026357039054545e+01
4.750733137829912106e-02 4.143249591997432191e+01
4.770283479960898965e-02 4.126296277923626121e+01
4.789833822091886517e-02 4.109170491532550784e+01
4.809384164222874070e-02 4.091876291189838355e+01
4.828934506353860928e-02 4.074417716195498684e+01
4.848484848484848481e-02 4.056798786085668240e+01
4.868035190615836033e-02 4.039023499952295282e+01
4.887585532746822892e-02 4.021095835780656103e+01
4.907135874877810444e-02 4.003019749804524707e+01
4.926686217008797997e-02 3.984799175878913502e+01
4.946236559139784855e-02 3.966438024870169698e+01
4.965786901270772408e-02 3.947940184063381963e+01
4.985337243401759266e-02 3.929309516586844353e+01
5.004887585532746819e-02 3.910549860853510040e+01
5.024437927663734371e-02 3.891665030019235871e+01
5.043988269794721230e-02 3.872658811457687023e+01
5.063538611925708782e-02 3.853534966251729088e+01
5.083088954056695641e-02 3.834297228701142046e+01
5.102639296187683193e-02 3.814949305846536731e+01
5.122189638318670746e-02 3.795494877009237911e+01
5.141739980449657604e-02 3.775937593347043020e+01
5.161290322580645157e-02 3.756281077425617809e+01
5.180840664711632709e-02 3.736528922805434405e+01
5.200391006842619568e-02 3.716684693644003090e+01
5.219941348973607120e-02 3.696751924313281989e+01
5.239491691104594673e-02 3.676734119032056469e+01
5.259042033235581531e-02 3.656634751513141879e+01
5.278592375366569084e-02 3.636457264625189367e+01
5.298142717497555942e-02 3.616205070068969007e+01
5.317693059628543495e-02 3.595881548067885802e+01
5.337243401759531047e-02 3.575490047072634070e+01
5.356793743890517906e-02 3.555033883479703860e+01
5.376344086021505458e-02 3.534516341363657688e+01
5.395894428152492317e-02 3.513940672222905448e+01
5.415444770283479869e-02 3.493310094738872351e+01
5.434995112414467422e-02 3.472627794548312608e+01
5.454545454545454281e-02 3.451896924028614677e+01
5.474095796676441833e-02 3.431120602095906946e+01
5.493646138807429385e-02 3.410301914015777669e+01
5.513196480938416244e-02 3.389443911226415906e+01
5.532746823069403797e-02 3.368549611173985880e+01
5.552297165200391349e-02 3.347621997160070606e+01
5.571847507331378208e-02 3.326664018200965245e+01
5.591397849462365760e-02 3.305678588898648229e+01
5.610948191593352619e-02 3.284668589323246835e+01
5.630498533724340171e-02 3.263636864906798252e+01
5.650048875855327724e-02 3.242586226348145573e+01
5.669599217986314582e-02 3.221519449528729950e+01
5.689149560117302135e-02 3.200439275439148190e+01
5.708699902248288993e-02 3.179348410116273627e+01
5.728250244379276546e-02 3.158249524590714330e+01
5.747800586510264098e-02 3.137145254844488562e+01
5.767350928641250957e-02 3.116038201778686911e+01
5.786901270772238509e-02 3.094930931190948087e+01
5.806451612903226062e-02 3.073825973762573582e+01
5.826001955034212920e-02 3.052725825055081188e+01
5.845552297165200473e-02 3.031632945516043520e+01
5.865102639296188025e-02 3.010549760493989524e+01
5.884652981427174884e-02 2.989478660262235366e+01
5.904203323558162436e-02 2.968422000051411658e+01
5.923753665689149295e-02 2.947382100090564094e+01
5.943304007820136847e-02 2.926361245656607935e+01
5.962854349951124400e-02 2.905361687131978954e+01
5.982404692082111258e-02 2.884385640070291856e+01
6.001955034213098811e-02 2.863435285269845210e+01
6.021505376344085669e-02 2.842512768854805216e+01
6.041055718475073222e-02 2.821620202363849117e+01
6.060606060606060774e-02 2.800759662846176568e+01
6.080156402737047633e-02 2.779933192964630351e+01
6.099706744868035185e-02 2.759142801105830500e+01
6.119257086999022738e-02 2.738390461497112938e+01
6.138807429130009596e-02 2.717678114330115946e+01
6.158357771260997149e-02 2.697007665890846440e+01
6.177908113391984701e-02 2.676380988696081786e+01
6.197458455522971560e-02 2.655799921635919603e+01
6.217008797653959112e-02 2.635266270122319199e+01
6.236559139784945971e-02 2.614781806243481554e+01
6.256109481915933523e-02 2.594348268923932466e+01
6.275659824046921076e-02 2.573967364090086107e+01
6.295210166177908628e-02 2.553640764841219735e+01
6.314760508308894793e-02 2.533370111625619714e+01
6.334310850439882346e-02 2.513157012421829961e+01
6.353861192570869898e-02 2.493003042924788204e+01
6.373411534701857450e-02 2.472909746736724657e+01
6.392961876832845003e-02 2.452878635562689169e+01
6.412512218963831168e-02 2.432911189410534547e+01
6.432062561094818720e-02 2.413008856795235602e+01
6.451612903225806273e-02 2.393173054947374467e+01
6.471163245356793825e-02 2.373405170025700528e+01
6.490713587487781377e-02 2.353706557333559957e+01
6.510263929618768930e-02 2.334078541539104279e+01
6.529814271749755095e-02 2.314522416899133717e+01
6.549364613880742647e-02 2.295039447486427164e+01
6.568914956011730200e-02 2.275630867420443337e+01
6.588465298142717752e-02 2.256297881101251690e+01
6.608015640273705305e-02 2.237041663446557038e+01
6.627565982404691469e-02 2.217863360131724804e+01
6.647116324535679022e-02 2.198764087832631020e+01
6.666666666666666574e-02 2.179744934471255391e+01
6.686217008797654127e-02 2.160806959463874577e+01
6.705767350928641679e-02 2.141951193971743095e+01
6.725317693059629232e-02 2.123178641154130375e+01
6.744868035190615396e-02 2.104490276423626227e+01
6.764418377321602949e-02 2.085887047703548447e+01
6.783968719452590501e-02 2.067369875687415259e+01
6.803519061583578054e-02 2.048939654100291818e+01
6.823069403714565606e-02 2.030597249961945039e+01
6.842619745845551771e-02 2.012343503851695914e+01
6.862170087976539323e-02 1.994179230174846396e+01
6.881720430107526876e-02 1.976105217430603744e+01
6.901270772238514428e-02 1.958122228481353844e+01
6.920821114369501981e-02 1.940231000823240493e+01
6.940371456500488145e-02 1.922432246857902527e+01
6.959921798631475698e-02 1.904726654165287059e+01
6.979472140762463250e-02 1.887114885777466355e+01
6.999022482893450803e-02 1.869597580453311991e+01
7.018572825024438355e-02 1.852175352953993581e+01
7.038123167155424520e-02 1.834848794319164256e+01
7.057673509286412072e-02 1.817618472143754715e+01
7.077223851417399625e-02 1.800484930855330035e+01
7.096774193548387177e-02 1.783448691991842239e+01
7.116324535679374730e-02 1.766510254479771902e+01
7.135874877810362282e-02 1.749670094912529805e+01
7.155425219941348447e-02 1.732928667829060743e+01
7.174975562072335999e-02 1.716286405992553199e+01
7.194525904203323552e-02 1.699743720669189173e+01
7.214076246334311104e-02 1.683301001906861671e+01
7.233626588465298657e-02 1.666958618813763593e+01
7.253176930596284822e-02 1.650716919836805019e+01
7.272727272727272374e-02 1.634576233039756588e+01
7.292277614858259926e-02 1.618536866381079875e+01
7.311827956989247479e-02 1.602599107991353122e+01
7.331378299120235031e-02 1.586763226450235997e+01
7.350928641251222584e-02 1.571029471062900029e+01
7.370478983382208749e-02 1.555398072135886700e+01
7.390029325513196301e-02 1.539869241252286614e+01
7.409579667644183854e-02 1.524443171546223574e+01
7.429130009775171406e-02 1.509120037976558137e+01
7.448680351906158958e-02 1.493899997599756801e+01
7.468230694037145123e-02 1.478783189841885992e+01
7.487781036168132676e-02 1.463769736769643792e+01
7.507331378299120228e-02 1.448859743360422137e+01
7.526881720430107781e-02 1.434053297771304436e+01
7.546432062561095333e-02 1.419350471606967012e+01
7.565982404692081498e-02 1.404751320186442953e+01
7.585532746823069050e-02 1.390255882808678578e+01
7.605083088954056603e-02 1.375864183016867770e+01
7.624633431085044155e-02 1.361576228861479088e+01
7.644183773216031708e-02 1.347392013161966950e+01
7.663734115347017872e-02 1.333311513767116274e+01
7.683284457478005425e-02 1.319334693813950743e+01
7.702834799608992977e-02 1.305461501985217154e+01
7.722385141739980530e-02 1.291691872765357196e+01
7.741935483870968082e-02 1.278025726694963993e+01
7.761485826001955635e-02 1.264462970623662841e+01
7.781036168132941799e-02 1.251003497961402111e+01
7.800586510263929352e-02 1.237647188928100839e+01
7.820136852394916904e-02 1.224393910801644125e+01
7.839687194525904457e-02 1.211243518164171817e+01
7.859237536656892009e-02 1.198195853146639500e+01
7.878787878787878174e-02 1.185250745671627293e+01
7.898338220918865726e-02 1.172408013694362339e+01
7.917888563049853279e-02 1.159667463441938651e+01
7.937438905180840831e-02 1.147028889650679950e+01
7.956989247311828384e-02 1.134492075801668243e+01
7.976539589442815936e-02 1.122056794354366538e+01
7.996089931573802101e-02 1.109722806978344600e+01
8.015640273704789653e-02 1.097489864783071667e+01
8.035190615835777206e-02 1.085357708545762989e+01
8.054740957966764758e-02 1.073326068937257993e+01
8.074291300097752311e-02 1.061394666745905724e+01
8.093841642228738475e-02 1.049563213099452419e+01
8.113391984359726028e-02 1.037831409684903505e+01
8.132942326490713580e-02 1.026198948966349711e+01
8.152492668621701133e-02 1.014665514400743263e+01
8.172043010752688685e-02 1.003230780651602849e+01
8.191593352883674850e-02 9.918944138006500211e+00
8.211143695014662403e-02 9.806560715573395370e+00
8.230694037145649955e-02 9.695154034663024945e+00
8.250244379276637507e-02 9.584720511126739950e+00
8.269794721407625060e-02 9.475256483252874062e+00
8.289345063538611225e-02 9.366758213777565345e+00
8.308895405669598777e-02 9.259221891873977484e+00
8.328445747800586330e-02 9.152643635120277565e+00
8.347996089931573882e-02 9.047019491445924544e+00
8.367546432062561435e-02 8.942345441056462008e+00
8.387096774193548987e-02 8.838617398336589659e+00
8.406647116324535152e-02 8.735831213731733769e+00
8.426197458455522704e-02 8.633982675607681401e+00
8.445747800586510257e-02 8.533067512088695850e+00
8.465298142717497809e-02 8.433081392873674531e+00
8.484848484848485362e-02 8.334019931030674400e+00
8.504398826979471526e-02 8.235878684769618374e+00
8.523949169110459079e-02 8.138653159193102837e+00
8.543499511241446631e-02 8.042338808025636609e+00
8.563049853372434184e-02 7.946931035320893066e+00
8.582600195503421736e-02 7.852425197147340441e+00
8.602150537634409289e-02 7.758816603252043365e+00
8.621700879765395453e-02 7.666100518702847921e+00
8.641251221896383006e-02 7.574272165508776133e+00
8.660801564027370558e-02 7.483326724218894554e+00
8.680351906158358111e-02 7.393259335499468676e+00
8.699902248289345663e-02 7.304065101689674933e+00
8.719452590420331828e-02 7.215739088335749507e+00
8.739002932551319380e-02 7.128276325703683192e+00
8.758553274682306933e-02 7.041671810270611509e+00
8.778103616813294485e-02 6.955920506194835262e+00
8.797653958944282038e-02 6.871017346764594080e+00
8.817204301075268202e-02 6.786957235825734180e+00
8.836754643206255755e-02 6.703735049188224160e+00
8.856304985337243307e-02 6.621345636011754188e+00
8.875855327468230860e-02 6.539783820170319117e+00
8.895405669599218412e-02 6.459044401596092833e+00
8.914956011730204577e-02 6.379122157602489906e+00
8.934506353861192129e-02 6.300011844186658827e+00
8.954056695992179682e-02 6.221708197311436095e+00
8.973607038123167234e-02 6.144205934166875771e+00
8.993157380254154787e-02 6.067499754411500135e+00
9.012707722385142339e-02 5.991584341393344282e+00
9.032258064516128504e-02 5.916454363350923451e+00
9.051808406647116056e-02 5.842104474594229657e+00
9.071358748778103609e-02 5.768529316665930828e+00
9.090909090909091161e-02 5.695723519482839947e+00
9.110459433040078714e-02 5.623681702457791864e+00
9.130009775171064879e-02 5.552398475602076111e+00
9.149560117302052431e-02 5.481868440608546500e+00
9.169110459433039984e-02 5.412086191915566502e+00
9.188660801564027536e-02 5.343046317751885432e+00
9.208211143695015088e-02 5.274743401162584888e+00
9.227761485826002641e-02 5.207172021016321928e+00
9.247311827956988806e-02 5.140326752993882309e+00
9.266862170087976358e-02 5.074202170558264946e+00
9.286412512218963911e-02 5.008792845906514302e+00
9.305962854349951463e-02 4.944093350903248307e+00
9.325513196480939015e-02 4.880098257996256628e+00
9.345063538611925180e-02 4.816802141114155056e+00
9.364613880742912733e-02 4.754199576546335848e+00
9.384164222873900285e-02 4.692285143805386305e+00
9.403714565004887838e-02 4.631053426472028889e+00
9.423264907135875390e-02 4.570499013022836898e+00
9.442815249266861555e-02 4.510616497640891787e+00
9.462365591397849107e-02 4.451400481009407883e+00
9.481915933528836660e-02 4.392845571088706436e+00
9.501466275659824212e-02 4.334946383876482123e+00
9.521016617790811765e-02 4.277697544151645381e+00
9.540566959921797929e-02 4.221093686201923489e+00
9.560117302052785482e-02 4.165129454535255960e+00
9.579667644183773034e-02 4.109799504575341267e+00
9.599217986314760587e-02 4.055098503341310057e+00
9.618768328445748139e-02 4.001021130111824142e+00
9.638318670576735692e-02 3.947562077073693221e+00
9.657869012707721856e-02 3.894716049955239789e+00
9.677419354838709409e-02 3.842477768644502412e+00
9.696969696969696961e-02 3.790841967792540679e+00
9.716520039100684514e-02 3.739803397401917362e+00
9.736070381231672066e-02 3.689356823400596230e+00
9.755620723362658231e-02 3.639497028201398088e+00
9.775171065493645783e-02 3.590218811247141595e+00
9.794721407624633336e-02 3.541516989541766414e+00
9.814271749755620888e-02 3.493386398167431128e+00
9.833822091886608441e-02 3.445821890787916786e+00
9.853372434017595993e-02 3.398818340138383576e+00
9.872922776148582158e-02 3.352370638501760425e+00
9.892473118279569710e-02 3.306473698171813247e+00
9.912023460410557263e-02 3.261122451903188502e+00
9.931573802541544815e-02 3.216311853348494232e+00
9.951124144672532368e-02 3.172036877482646844e+00
9.970674486803518533e-02 3.128292521014643057e+00
9.990224828934506085e-02 3.085073802786900021e+00
1.000977517106549364e-01 3.042375764162369212e+00
1.002932551319648119e-01 3.000193469399554225e+00
1.004887585532746874e-01 2.958522006015620764e+00
1.006842619745845491e-01 2.917356485137755140e+00
1.008797653958944246e-01 2.876692041842934700e+00
1.010752688172043001e-01 2.836523835486298495e+00
1.012707722385141756e-01 2.796847050018246073e+00
1.014662756598240512e-01 2.757656894290426930e+00
1.016617790811339128e-01 2.718948602350852006e+00
1.018572825024437883e-01 2.680717433728188048e+00
1.020527859237536639e-01 2.642958673705464001e+00
1.022482893450635394e-01 2.605667633583337750e+00
1.024437927663734149e-01 2.568839650933058660e+00
1.026392961876832904e-01 2.532470089839316874e+00
1.028347996089931521e-01 2.496554341133116139e+00
1.030303030303030276e-01 2.461087822614806964e+00
1.032258064516129031e-01 2.426065979267526540e+00
1.034213098729227787e-01 2.391484283461059679e+00
1.036168132942326542e-01 2.357338235146391181e+00
1.038123167155425158e-01 2.323623362041062013e+00
1.040078201368523914e-01 2.290335219805450961e+00
1.042033235581622669e-01 2.257469392210205594e+00
1.043988269794721424e-01 2.225021491294880249e+00
1.045943304007820179e-01 2.192987157518020869e+00
1.047898338220918935e-01 2.161362059898777499e+00
1.049853372434017551e-01 2.130141896150217651e+00
1.051808406647116306e-01 2.099322392804478632e+00
1.053763440860215062e-01 2.068899305329934268e+00
1.055718475073313817e-01 2.038868418240456393e+00
1.057673509286412572e-01 2.009225545196978047e+00
1.059628543499511188e-01 1.979966529101444550e+00
1.061583577712609944e-01 1.951087242183343173e+00
1.063538611925708699e-01 1.922583586078911999e+00
1.065493646138807454e-01 1.894451491903178741e+00
1.067448680351906209e-01 1.866686920314959197e+00
1.069403714565004826e-01 1.839285861574970760e+00
1.071358748778103581e-01 1.812244335597150924e+00
1.073313782991202336e-01 1.785558391993384397e+00
1.075268817204301092e-01 1.759224110111676564e+00
1.077223851417399847e-01 1.733237599067992907e+00
1.079178885630498463e-01 1.707594997771835654e+00
1.081133919843597219e-01 1.682292474945689786e+00
1.083088954056695974e-01 1.657326229138509799e+00
1.085043988269794729e-01 1.632692488733305192e+00
1.086999022482893484e-01 1.608387511948998316e+00
1.088954056695992240e-01 1.584407586836649839e+00
1.090909090909090856e-01 1.560749031270200149e+00
1.092864125122189611e-01 1.537408192931800643e+00
1.094819159335288367e-01 1.514381449291906767e+00
1.096774193548387122e-01 1.491665207584200070e+00
1.098729227761485877e-01 1.469255904775496724e+00
1.100684261974584494e-01 1.447150007530724425e+00
1.102639296187683249e-01 1.425344012173096031e+00
1.104594330400782004e-01 1.403834444639593393e+00
1.106549364613880759e-01 1.382617860431862633e+00
1.108504398826979515e-01 1.361690844562635672e+00
1.110459433040078270e-01 1.341050011497783245e+00
1.112414467253176886e-01 1.320692005094101340e+00
1.114369501466275642e-01 1.300613498532947165e+00
1.116324535679374397e-01 1.280811194249825702e+00
1.118279569892473152e-01 1.261281823860002316e+00
1.120234604105571907e-01 1.242022148080300870e+00
1.122189638318670524e-01 1.223028956647116194e+00
1.124144672531769279e-01 1.204299068230791692e+00
1.126099706744868034e-01 1.185829330346443111e+00
1.128054740957966789e-01 1.167616619261316435e+00
1.130009775171065545e-01 1.149657839898776457e+00
1.131964809384164161e-01 1.131949925739036633e+00
1.133919843597262916e-01 1.114489838716685943e+00
1.135874877810361672e-01 1.097274569115156861e+00
1.137829912023460427e-01 1.080301135458164419e+00
1.139784946236559182e-01 1.063566584398246473e+00
1.141739980449657799e-01 1.047067990602473131e+00
1.143695014662756554e-01 1.030802456635415698e+00
1.145650048875855309e-01 1.014767112839467966e+00
1.147605083088954064e-01 9.989591172125769081e-01
1.149560117302052820e-01 9.833756552835004605e-01
1.151515151515151575e-01 9.680139399846400261e-01
1.153470185728250191e-01 9.528712115225488333e-01
1.155425219941348947e-01 9.379447372461793275e-01
1.157380254154447702e-01 9.232318115129642955e-01
1.159335288367546457e-01 9.087297555527880100e-01
1.161290322580645212e-01 8.944359173299312182e-01
1.163245356793743829e-01 8.803476714030625816e-01
1.165200391006842584e-01 8.664624187833557256e-01
1.167155425219941339e-01 8.527775867907835261e-01
1.169110459433040095e-01 8.392906289086816685e-01
1.171065493646138850e-01 8.259990246366327726e-01
1.173020527859237605e-01 8.129002793417500206e-01
1.174975562072336221e-01 7.999919241084197941e-01
1.176930596285434977e-01 7.872715155865674941e-01
1.178885630498533732e-01 7.747366358385239238e-01
1.180840664711632487e-01 7.623848921845344240e-01
1.182795698924731242e-01 7.502139170469912521e-01
1.184750733137829859e-01 7.382213677934317264e-01
1.186705767350928614e-01 7.264049265783824039e-01
1.188660801564027369e-01 7.147623001840945900e-01
1.190615835777126125e-01 7.032912198602288001e-01
1.192570869990224880e-01 6.919894411625446828e-01
1.194525904203323496e-01 6.808547437906670163e-01
1.196480938416422252e-01 6.698849314249529785e-01
1.198435972629521007e-01 6.590778315625441808e-01
1.200391006842619762e-01 6.484312953526343293e-01
1.202346041055718517e-01 6.379431974310169062e-01
1.204301075268817134e-01 6.276114357539529509e-01
1.206256109481915889e-01 6.174339314314126748e-01
1.208211143695014644e-01 6.074086285597568580e-01
1.210166177908113400e-01 5.975334940538580275e-01
1.212121212121212155e-01 5.878065174787705516e-01
1.214076246334310910e-01 5.782257108809377710e-01
1.216031280547409527e-01 5.687891086190187684e-01
1.217986314760508282e-01 5.594947671943676371e-01
1.219941348973607037e-01 5.503407650812007779e-01
1.221896383186705792e-01 5.413252025564911918e-01
1.223851417399804548e-01 5.324462015296653750e-01
1.225806451612903164e-01 5.237019053720798345e-01
1.227761485826001919e-01 5.150904787463852497e-01
1.229716520039100675e-01 5.066101074357630685e-01
1.231671554252199430e-01 4.982589981731085360e-01
1.233626588465298185e-01 4.900353784701653725e-01
1.235581622678396940e-01 4.819374964466802691e-01
1.237536656891495557e-01 4.739636206595826962e-01
1.239491691104594312e-01 4.661120399322432606e-01
1.241446725317693067e-01 4.583810631838420302e-01
1.243401759530791822e-01 4.507690192588642009e-01
1.245356793743890578e-01 4.432742567567756753e-01
1.247311827956989194e-01 4.358951438619010355e-01
1.249266862170087949e-01 4.286300681735232820e-01
1.251221896383186705e-01 4.214774365362500275e-01
1.253176930596285321e-01 4.144356748706805593e-01
1.255131964809384215e-01 4.075032280043647259e-01
1.257086999022482832e-01 4.006785595031389091e-01
1.259042033235581726e-01 3.939601515028027801e-01
1.260997067448680342e-01 3.873465045412234908e-01
1.262952101661778959e-01 3.808361373908371039e-01
1.264907135874877853e-01 3.744275868916140393e-01
1.266862170087976469e-01 3.681194077844927581e-01
1.268817204301075363e-01 3.619101725452992246e-01
1.270772238514173980e-01 3.557984712191998855e-01
1.272727272727272596e-01 3.497829112556767317e-01
1.274682306940371490e-01 3.438621173440732370e-01
1.276637341153470107e-01 3.380347312497232193e-01
1.278592375366569001e-01 3.322994116506685636e-01
1.280547409579667617e-01 3.266548339750139363e-01
1.282502443792766234e-01 3.210996902389063878e-01
1.284457478005865128e-01 3.156326888851810342e-01
1.286412512218963744e-01 3.102525546226847508e-01
1.288367546432062638e-01 3.049580282662794350e-01
1.290322580645161255e-01 2.997478665775723528e-01
1.292277614858260149e-01 2.946208421063565841e-01
1.294232649071358765e-01 2.895757430328013693e-01
1.296187683284457381e-01 2.846113730103944639e-01
1.298142717497556275e-01 2.797265510096532681e-01
1.300097751710654892e-01 2.749201111626280447e-01
1.302052785923753786e-01 2.701909026081895648e-01
1.304007820136852402e-01 2.655377893381418719e-01
1.305962854349951019e-01 2.609596500441453415e-01
1.307917888563049913e-01 2.564553779654831223e-01
1.309872922776148529e-01 2.520238807376723456e-01
1.311827956989247423e-01 2.476640802419270426e-01
1.313782991202346040e-01 2.433749124554996923e-01
1.315738025415444656e-01 2.391553273028910465e-01
1.317693059628543550e-01 2.350042885079526300e-01
1.319648093841642167e-01 2.309207734468894380e-01
1.321603128054741061e-01 2.269037730021601640e-01
1.323558162267839677e-01 2.229522914173018011e-01
1.325513196480938294e-01 2.190653461526697043e-01
1.327468230694037188e-01 2.152419677421109345e-01
1.329423264907135804e-01 2.114811996505761571e-01
1.331378299120234698e-01 2.077820981326721494e-01
1.333333333333333315e-01 2.041437320921716814e-01
1.335288367546431931e-01 2.005651829424716093e-01
1.337243401759530825e-01 1.970455444680226098e-01
1.339198435972629442e-01 1.935839226867233920e-01
1.341153470185728336e-01 1.901794357132849944e-01
1.343108504398826952e-01 1.868312136235813770e-01
1.345063538611925846e-01 1.835383983199737057e-01
1.347018572825024463e-01 1.803001433976281764e-01
1.348973607038123079e-01 1.771156140118192723e-01
1.350928641251221973e-01 1.739839867462306122e-01
1.352883675464320590e-01 1.709044494822521132e-01
1.354838709677419484e-01 1.678762012692736061e-01
1.356793743890518100e-01 1.648984521959869776e-01
1.358748778103616717e-01 1.619704232626874019e-01
1.360703812316715611e-01 1.590913462545835155e-01
1.362658846529814227e-01 1.562604636161186722e-01
1.364613880742913121e-01 1.534770283262973933e-01
1.366568914956011738e-01 1.507403037750268959e-01
1.368523949169110354e-01 1.480495636404683124e-01
1.370478983382209248e-01 1.454040917674020994e-01
1.372434017595307865e-01 1.428031820466075796e-01
1.374389051808406759e-01 1.402461382952517044e-01
1.376344086021505375e-01 1.377322741382996651e-01
1.378299120234603992e-01 1.352609128909274538e-01
1.380254154447702886e-01 1.328313874419580209e-01
1.382209188660801502e-01 1.304430401383052662e-01
1.384164222873900396e-01 1.280952226704256403e-01
1.386119257086999013e-01 1.257872959587881811e-01
1.388074291300097629e-01 1.235186300413452232e-01
1.390029325513196523e-01 1.212886039620165168e-01
1.391984359726295140e-01 1.190966056601777817e-01
1.393939393939394034e-01 1.169420318611510967e-01
1.395894428152492650e-01 1.148242879677000977e-01
1.397849462365591267e-01 1.127427879525234877e-01
1.399804496578690161e-01 1.106969542517469290e-01
1.401759530791788777e-01 1.086862176594099727e-01
1.403714565004887671e-01 1.067100172229434596e-01
1.405669599217986288e-01 1.047678001396404740e-01
1.407624633431084904e-01 1.028590216541073049e-01
1.409579667644183798e-01 1.009831449567056699e-01
1.411534701857282414e-01 9.913964108296956235e-02
1.413489736070381309e-01 9.732798881399952473e-02
1.415444770283479925e-01 9.554767457783294726e-02
1.417399804496578819e-01 9.379819235177931647e-02
1.419354838709677435e-01 9.207904356572682580e-02
1.421309872922776052e-01 9.038973700640536013e-02
1.423264907135874946e-01 8.872978872261062799e-02
1.425219941348973562e-01 8.709872193138151752e-02
1.427174975562072456e-01 8.549606692512545791e-02
1.429130009775171073e-01 8.392136097969073172e-02
1.431085043988269689e-01 8.237414826337739748e-02
1.433040078201368583e-01 8.085397974688557365e-02
1.434995112414467200e-01 7.936041311419621269e-02
1.436950146627566094e-01 7.789301267437388765e-02
1.438905180840664710e-01 7.645134927429869665e-02
1.440860215053763327e-01 7.503500021230768979e-02
1.442815249266862221e-01 7.364354915275329871e-02
1.444770283479960837e-01 7.227658604146648680e-02
1.446725317693059731e-01 7.093370702212153933e-02
1.448680351906158348e-01 6.961451435349877426e-02
1.450635386119256964e-01 6.831861632763613912e-02
1.452590420332355858e-01 6.704562718886886152e-02
1.454545454545454475e-01 6.579516705374868768e-02
1.456500488758553369e-01 6.456686183183717176e-02
1.458455522971651985e-01 6.336034314737028217e-02
1.460410557184750602e-01 6.217524826178477682e-02
1.462365591397849496e-01 6.101121999710452937e-02
1.464320625610948112e-01 5.986790666017870882e-02
1.466275659824047006e-01 5.874496196776503310e-02
1.468230694037145623e-01 5.764204497245818681e-02
1.470185728250244517e-01 5.655881998944872063e-02
1.472140762463343133e-01 5.549495652411465252e-02
1.474095796676441750e-01 5.445012920043430099e-02
1.476050830889540644e-01 5.342401769021817848e-02
1.478005865102639260e-01 5.241630664315179849e-02
1.479960899315738154e-01 5.142668561764346391e-02
1.481915933528836771e-01 5.045484901247284520e-02
1.483870967741935387e-01 4.950049599923167509e-02
1.485826001955034281e-01 4.856333045555266681e-02
1.487781036168132898e-01 4.764306089912031389e-02
1.489736070381231792e-01 4.673940042245491172e-02
1.491691104594330408e-01 4.585206662846797593e-02
1.493646138807429025e-01 4.498078156677927375e-02
1.495601173020527919e-01 4.412527167079027118e-02
1.497556207233626535e-01 4.328526769551025583e-02
1.499511241446725429e-01 4.246050465612425523e-02
1.501466275659824046e-01 4.165072176730149484e-02
1.503421309872922662e-01 4.085566238323422306e-02
1.505376344086021556e-01 4.007507393840321203e-02
1.507331378299120173e-01 3.930870788906364044e-02
1.509286412512219067e-01 3.855631965544249057e-02
1.511241446725317683e-01 3.781766856464556514e-02
1.513196480938416300e-01 3.709251779426335494e-02
1.515151515151515194e-01 3.638063431667360598e-02
1.517106549364613810e-01 3.568178884403177403e-02
1.519061583577712704e-01 3.499575577394325315e-02
1.521016617790811321e-01 3.432231313581370069e-02
1.522971652003909937e-01 3.366124253786770271e-02
1.524926686217008831e-01 3.301232911483210214e-02
1.526881720430107447e-01 3.237536147627801536e-02
1.528836754643206342e-01 3.175013165561281492e-02
1.530791788856304958e-01 3.113643505971901496e-02
1.532746823069403574e-01 3.053407041923193385e-02
1.534701857282502468e-01 2.994283973945079461e-02
1.536656891495601085e-01 2.936254825187733022e-02
1.538611925708699979e-01 2.879300436637504193e-02
1.540566959921798595e-01 2.823401962394421830e-02
1.542521994134897489e-01 2.768540865010537047e-02
1.544477028347996106e-01 2.714698910888630259e-02
1.546432062561094722e-01 2.661858165740593057e-02
1.548387096774193616e-01 2.610000990104919746e-02
1.550342130987292233e-01 2.559110034922782925e-02
1.552297165200391127e-01 2.509168237171895827e-02
1.554252199413489743e-01 2.460158815557902945e-02
1.556207233626588360e-01 2.412065266262285526e-02
1.558162267839687254e-01 2.364871358746660837e-02
1.560117302052785870e-01 2.318561131612539850e-02
1.562072336265884764e-01 2.273118888516046515e-02
1.564027370478983381e-01 2.228529194137207625e-02
1.565982404692081997e-01 2.184776870202951443e-02
1.567937438905180891e-01 2.141846991563458799e-02
1.569892473118279508e-01 2.099724882321257410e-02
1.571847507331378402e-01 2.058396112012361376e-02
1.573802541544477018e-01 2.017846491839129022e-02
1.575757575757575635e-01 1.978062070954027946e-02
1.577712609970674529e-01 1.939029132793965507e-02
1.579667644183773145e-01 1.900734191464503731e-02
1.581622678396872039e-01 1.863163988173431942e-02
1.583577712609970656e-01 1.826305487713219752e-02
1.585532746823069272e-01 1.790145874991674879e-02
1.587487781036168166e-01 1.754672551610444303e-02
1.589442815249266783e-01 1.719873132490664855e-02
1.591397849462365677e-01 1.685735442545298335e-02
1.593352883675464293e-01 1.652247513397651218e-02
1.595307917888563187e-01 1.619397580145483240e-02
1.597262952101661804e-01 1.587174078170267705e-02
1.599217986314760420e-01 1.555565639990995862e-02
1.601173020527859314e-01 1.524561092162090778e-02
1.603128054740957931e-01 1.494149452214881511e-02
1.605083088954056825e-01 1.464319925642112476e-02
1.607038123167155441e-01 1.435061902925066635e-02
1.608993157380254058e-01 1.406364956602670566e-02
1.610948191593352952e-01 1.378218838382224733e-02
1.612903225806451568e-01 1.350613476291196921e-02
1.614858260019550462e-01 1.323538971869554597e-02
1.616813294232649079e-01 1.296985597402280400e-02
1.618768328445747695e-01 1.270943793191414359e-02
1.620723362658846589e-01 1.245404164867321660e-02
1.622678396871945206e-01 1.220357480738592897e-02
1.624633431085044100e-01 1.195794669180142052e-02
1.626588465298142716e-01 1.171706816059092660e-02
1.628543499511241333e-01 1.148085162197879337e-02
1.630498533724340227e-01 1.124921100874213403e-02
1.632453567937438843e-01 1.102206175357436577e-02
1.634408602150537737e-01 1.079932076480732278e-02
1.636363636363636354e-01 1.058090640248883149e-02
1.638318670576734970e-01 1.036673845481013434e-02
1.640273704789833864e-01 1.015673811487957830e-02
1.642228739002932481e-01 9.950827957838026538e-03
1.644183773216031375e-01 9.748931918311113526e-03
1.646138807429129991e-01 9.550975268195390985e-03
1.648093841642228607e-01 9.356884594772711325e-03
1.650048875855327501e-01 9.166587779149550780e-03
1.652003910068426118e-01 8.980013975017112418e-03
1.653958944281525012e-01 8.797093587727457600e-03
1.655913978494623628e-01 8.617758253682532982e-03
1.657869012707722245e-01 8.441940820031234097e-03
1.659824046920821139e-01 8.269575324671006589e-03
1.661779081133919755e-01 8.100596976550092365e-03
1.663734115347018649e-01 7.934942136265929480e-03
1.665689149560117266e-01 7.772548296956710741e-03
1.667644183773216160e-01 7.613354065481395608e-03
1.669599217986314776e-01 7.457299143885143949e-03
1.671554252199413393e-01 7.304324311145792351e-03
1.673509286412512287e-01 7.154371405198061383e-03
1.675464320625610903e-01 7.007383305231817093e-03
1.677419354838709797e-01 6.863303914260277146e-03
1.679374389051808414e-01 6.722078141955307139e-03
1.681329423264907030e-01 6.583651887745492828e-03
1.683284457478005924e-01 6.447972024173996737e-03
1.685239491691104541e-01 6.314986380512526733e-03
1.687194525904203435e-01 6.184643726627766722e-03
1.689149560117302051e-01 6.056893757097274456e-03
1.691104594330400668e-01 5.931687075571018784e-03
1.693059628543499562e-01 5.808975179375569162e-03
1.695014662756598178e-01 5.688710444357396832e-03
1.696969696969697072e-01 5.570846109962083667e-03
1.698924731182795689e-01 5.455336264546284918e-03
1.700879765395894305e-01 5.342135830919106550e-03
1.702834799608993199e-01 5.231200552109765110e-03
1.704789833822091816e-01 5.122486977358613192e-03
1.706744868035190710e-01 5.015952448327954359e-03
1.708699902248289326e-01 4.911555085530186840e-03
1.710654936461387943e-01 4.809253774969685091e-03
1.712609970674486837e-01 4.709008154995847524e-03
1.714565004887585453e-01 4.610778603364166194e-03
1.716520039100684347e-01 4.514526224502287896e-03
1.718475073313782964e-01 4.420212836978511424e-03
1.720430107526881858e-01 4.327800961169429340e-03
1.722385141739980474e-01 4.237253807124323826e-03
1.724340175953079091e-01 4.148535262623115165e-03
1.726295210166177985e-01 4.061609881425430786e-03
1.728250244379276601e-01 3.976442871707927366e-03
1.730205278592375495e-01 3.893000084687112550e-03
1.732160312805474112e-01 3.811248003425108440e-03
1.734115347018572728e-01 3.731153731815726581e-03
1.736070381231671622e-01 3.652684983748146104e-03
1.738025415444770239e-01 3.575810072445771617e-03
1.739980449657869133e-01 3.500497899977572051e-03
1.741935483870967749e-01 3.426717946939563785e-03
1.743890518084066366e-01 3.354440262303816887e-03
1.745845552297165260e-01 3.283635453432621771e-03
1.747800586510263876e-01 3.214274676255414551e-03
1.749755620723362770e-01 3.146329625605951818e-03
1.751710654936461387e-01 3.079772525717568588e-03
1.753665689149560003e-01 3.014576120873958560e-03
1.755620723362658897e-01 2.950713666213457004e-03
1.757575757575757514e-01 2.888158918684297517e-03
1.759530791788856408e-01 2.826886128148732320e-03
1.761485826001955024e-01 2.766870028633814337e-03
1.763440860215053640e-01 2.708085829726579810e-03
1.765395894428152535e-01 2.650509208111554143e-03
1.767350928641251151e-01 2.594116299248401709e-03
1.769305962854350045e-01 2.538883689187585498e-03
1.771260997067448661e-01 2.484788406522110606e-03
1.773216031280547278e-01 2.431807914473069557e-03
1.775171065493646172e-01 2.379920103107175354e-03
1.777126099706744788e-01 2.329103281684224026e-03
1.779081133919843682e-01 2.279336171132396310e-03
1.781036168132942299e-01 2.230597896649684150e-03
1.782991202346040915e-01 2.182867980429290932e-03
1.784946236559139809e-01 2.136126334507266415e-03
1.786901270772238426e-01 2.090353253730478124e-03
1.788856304985337320e-01 2.045529408842990202e-03
1.790811339198435936e-01 2.001635839689137539e-03
1.792766373411534830e-01 1.958653948531468517e-03
1.794721407624633447e-01 1.916565493481768101e-03
1.796676441837732063e-01 1.875352582043366247e-03
1.798631476050830957e-01 1.834997664763146326e-03
1.800586510263929574e-01 1.795483528991424077e-03
1.802541544477028468e-01 1.756793292748048876e-03
1.804496578690127084e-01 1.718910398693143313e-03
1.806451612903225701e-01 1.681818608200728350e-03
1.808406647116324595e-01 1.645501995533730057e-03
1.810361681329423211e-01 1.609944942118763300e-03
1.812316715542522105e-01 1.575132130919016868e-03
1.814271749755620722e-01 1.541048540903900387e-03
1.816226783968719338e-01 1.507679441613686859e-03
1.818181818181818232e-01 1.475010387817881881e-03
1.820136852394916849e-01 1.443027214265683042e-03
1.822091886608015743e-01 1.411716030527069513e-03
1.824046920821114359e-01 1.381063215923258956e-03
1.826001955034212976e-01 1.351055414544837571e-03
1.827956989247311870e-01 1.321679530356402324e-03
1.829912023460410486e-01 1.292922722386218070e-03
1.831867057673509380e-01 1.264772399999534091e-03
1.833822091886607997e-01 1.237216218254269876e-03
1.835777126099706613e-01 1.210242073337685796e-03
1.837732160312805507e-01 1.183838098082783639e-03
1.839687194525904124e-01 1.157992657563146344e-03
1.841642228739003018e-01 1.132694344764899634e-03
1.843597262952101634e-01 1.107931976334637202e-03
1.845552297165200528e-01 1.083694588401984318e-03
1.847507331378299145e-01 1.059971432475675544e-03
1.849462365591397761e-01 1.036751971411873936e-03
1.851417399804496655e-01 1.014025875453598716e-03
1.853372434017595272e-01 9.917830183401312675e-04
1.855327468230694166e-01 9.700134734851567197e-04
1.857282502443792782e-01 9.487075102226249146e-04
1.859237536656891399e-01 9.278555901191413774e-04
1.861192570869990293e-01 9.074483633518498453e-04
1.863147605083088909e-01 8.874766651506939621e-04
1.865102639296187803e-01 8.679315123039972471e-04
1.867057673509286420e-01 8.488040997263550901e-04
1.869012707722385036e-01 8.300857970877438367e-04
1.870967741935483930e-01 8.117681455028926503e-04
1.872922776148582547e-01 7.938428542798971546e-04
1.874877810361681441e-01 7.763017977270558192e-04
1.876832844574780057e-01 7.591370120170336418e-04
1.878787878787878673e-01 7.423406921073179331e-04
1.880742913000977568e-01 7.259051887160668584e-04
1.882697947214076184e-01 7.098230053524574607e-04
1.884652981427175078e-01 6.940867954005146669e-04
1.886608015640273694e-01 6.786893592556551792e-04
1.888563049853372311e-01 6.636236415129450998e-04
1.890518084066471205e-01 6.488827282062806885e-04
1.892473118279569821e-01 6.344598440975921481e-04
1.894428152492668715e-01 6.203483500152284476e-04
1.896383186705767332e-01 6.065417402407168599e-04
1.898338220918865948e-01 5.930336399430356006e-04
1.900293255131964842e-01 5.798178026596308675e-04
1.902248289345063459e-01 5.668881078233792238e-04
1.904203323558162353e-01 5.542385583346667779e-04
1.906158357771260969e-01 5.418632781778979926e-04
1.908113391984359586e-01 5.297565100815863860e-04
1.910068426197458480e-01 5.179126132213483042e-04
1.912023460410557096e-01 5.063260609650500422e-04
1.913978494623655990e-01 4.949914386593399357e-04
1.915933528836754607e-01 4.839034414569274288e-04
1.917888563049853501e-01 4.730568721838397639e-04
1.919843597262952117e-01 4.624466392460265928e-04
1.921798631476050734e-01 4.520677545745811028e-04
1.923753665689149628e-01 4.419153316089413424e-04
1.925708699902248244e-01 4.319845833174149356e-04
1.927663734115347138e-01 4.222708202543521056e-04
1.929618768328445755e-01 4.127694486533773667e-04
1.931573802541544371e-01 4.034759685559907087e-04
1.933528836754643265e-01 3.943859719749899409e-04
1.935483870967741882e-01 3.854951410920550532e-04
1.937438905180840776e-01 3.767992464889166615e-04
1.939393939393939392e-01 3.682941454115319039e-04
1.941348973607038009e-01 3.599757800666717475e-04
1.943304007820136903e-01 3.518401759503532651e-04
1.945259042033235519e-01 3.438834402075767850e-04
1.947214076246334413e-01 3.361017600227882477e-04
1.949169110459433030e-01 3.284914010405503063e-04
1.951124144672531646e-01 3.210487058158699902e-04
1.953079178885630540e-01 3.137700922936780164e-04
1.955034213098729157e-01 3.066520523169303874e-04
1.956989247311828051e-01 2.996911501628208045e-04
1.958944281524926667e-01 2.928840211066288516e-04
1.960899315738025284e-01 2.862273700126825578e-04
1.962854349951124178e-01 2.797179699519773710e-04
1.964809384164222794e-01 2.733526608459677185e-04
1.966764418377321688e-01 2.671283481360512855e-04
1.968719452590420305e-01 2.610420014783179144e-04
1.970674486803519199e-01 2.550906534630776202e-04
1.972629521016617815e-01 2.492713983587504113e-04
1.974584555229716432e-01 2.435813908796608440e-04
1.976539589442815326e-01 2.380178449773213023e-04
1.978494623655913942e-01 2.325780326547776397e-04
1.980449657869012836e-01 2.272592828036012569e-04
1.982404692082111453e-01 2.220589800631173256e-04
1.984359726295210069e-01 2.169745637014720971e-04
1.986314760508308963e-01 2.120035265181391426e-04
1.988269794721407580e-01 2.071434137674879291e-04
1.990224828934506474e-01 2.023918221030098885e-04
1.992179863147605090e-01 1.977463985418592641e-04
1.994134897360703707e-01 1.932048394493057373e-04
1.996089931573802601e-01 1.887648895427628383e-04
1.998044965786901217e-01 1.844243409150234060e-04
2.000000000000000111e-01 1.801810320763509764e-04
