1.000000000000000048e-04 1.224779862908184805e+04
1.013596500938556902e-04 1.240755803744013610e+04
1.027377866714885868e-04 1.256939960277221508e+04
1.041346610843927429e-04 1.273335039240265360e+04
1.055505281015629859e-04 1.289943782274179284e+04
1.069856459559610632e-04 1.306768966367887333e+04
1.084402763916133980e-04 1.323813404302439994e+04
1.099146847113493375e-04 1.341079945100362420e+04
1.114091398251883914e-04 1.358571474480309553e+04
1.129239142993853772e-04 1.376290915316801329e+04
1.144592844061424861e-04 1.394241228105265327e+04
1.160155301739971450e-04 1.412425411432398687e+04
1.175929354388950676e-04 1.430846502451810375e+04
1.191917878959576692e-04 1.449507577365039651e+04
1.208123791519533313e-04 1.468411751908048245e+04
1.224550047784821541e-04 1.487562181843064718e+04
1.241199643658837614e-04 1.506962063455959469e+04
1.258075615778781635e-04 1.526614634059159835e+04
1.275181042069493248e-04 1.546523172500068904e+04
1.292519042304821162e-04 1.566690999675083367e+04
1.310092778676621127e-04 1.587121479049271693e+04
1.327905456371494570e-04 1.607818017181601863e+04
1.345960324155364384e-04 1.628784064256015336e+04
1.364260674966003071e-04 1.650023114618050386e+04
1.382809846513614611e-04 1.671538707317191802e+04
1.401611221889582535e-04 1.693334426655455900e+04
1.420668230183496164e-04 1.715413902740530102e+04
1.439984347108563953e-04 1.737780812046515712e+04
1.459563095635532681e-04 1.760438877979251629e+04
1.479408046635224147e-04 1.783391871447159792e+04
1.499522819529808639e-04 1.806643611439843153e+04
1.519911082952933080e-04 1.830197965609974199e+04
1.540576555418825830e-04 1.854058850863715634e+04
1.561523006000496586e-04 1.878230233954913638e+04
1.582754255017160402e-04 1.902716132086702419e+04
1.604274174731006183e-04 1.927520613517789388e+04
1.626086690053438655e-04 1.952647798176331344e+04
1.648195779260925296e-04 1.978101858277706924e+04
1.670605474720571800e-04 2.003887018950303536e+04
1.693319863625568399e-04 2.030007558865543615e+04
1.716343088740630352e-04 2.056467810875038776e+04
1.739679349157577902e-04 2.083272162652968109e+04
1.763332901061186869e-04 2.110425057344727247e+04
1.787308058505453559e-04 2.137930994221575020e+04
1.811609194200413287e-04 2.165794529340504960e+04
1.836240740309657540e-04 2.194020276211255987e+04
1.861207189258693980e-04 2.222612906467496941e+04
1.886513094554298617e-04 2.251577150545539916e+04
1.912163071615006007e-04 2.280917798367602518e+04
1.938161798612895201e-04 2.310639700031169923e+04
1.964514017326810501e-04 2.340747766504525498e+04
1.991224534007202704e-04 2.371246970327148665e+04
2.018298220252709267e-04 2.402142346316345356e+04
2.045740013898662867e-04 2.433438992279306331e+04
2.073554919917679326e-04 2.465142069730167350e+04
2.101748011332489163e-04 2.497256804613379427e+04
2.130324430141181363e-04 2.529788488031558518e+04
2.159289388255026599e-04 2.562742476979190178e+04
2.188648168449052031e-04 2.596124195081172365e+04
2.218406125325540334e-04 2.629939133336703162e+04
2.248568686290629412e-04 2.664192850868049572e+04
2.279141352544189524e-04 2.698890975674151559e+04
2.310129700083160510e-04 2.734039205389092967e+04
2.341539380718529089e-04 2.769643308045281447e+04
2.373376123106136517e-04 2.805709122840964119e+04
2.405645733791497655e-04 2.842242560912394765e+04
2.438354098268829054e-04 2.879249606110051536e+04
2.471507182054474968e-04 2.916736315779096549e+04
2.505111031774928903e-04 2.954708821543536033e+04
2.539171776269646117e-04 2.993173330095122219e+04
2.573695627708853079e-04 3.032136123983084690e+04
2.608688882726556630e-04 3.071603562412288011e+04
2.644157923568950979e-04 3.111582082038282169e+04
2.680109219258448600e-04 3.152078197771101259e+04
2.716549326773531263e-04 3.193098503578265081e+04
2.753484892244643456e-04 3.234649673291155341e+04
2.790922652166349938e-04 3.276738461414732228e+04
2.828869434625969352e-04 3.319371703937663551e+04
2.867332160548916498e-04 3.362556319145486486e+04
2.906317844960973860e-04 3.406299308434910927e+04
2.945833598267730410e-04 3.450607757128594676e+04
2.985886627551409913e-04 3.495488835291838768e+04
3.026484237885337047e-04 3.540949798549422849e+04
3.067633833666272790e-04 3.586997988902701036e+04
3.109342919964865211e-04 3.633640835545555456e+04
3.151619103894462296e-04 3.680885855682041438e+04
3.194470095998537280e-04 3.728740655341131060e+04
3.237903711656973135e-04 3.777212930190723273e+04
3.281927872511474008e-04 3.826310466350521165e+04
3.326550607910352432e-04 3.876041141202073049e+04
3.371780056372962291e-04 3.926412924196207314e+04
3.417624467074044771e-04 3.977433877658176789e+04
3.464092201348251869e-04 4.029112157587833644e+04
3.511191734215130954e-04 4.081456014456936828e+04
3.558931655924840363e-04 4.134473794001537317e+04
3.607320673524882257e-04 4.188173938008557889e+04
3.656367612448138964e-04 4.242564985097148019e+04
3.706081418122499039e-04 4.297655571493765456e+04
3.756471157602369573e-04 4.353454431799412851e+04
3.807546021222371819e-04 4.409970399750753131e+04
3.859315324273520460e-04 4.467212408971162949e+04
3.911788508702192268e-04 4.525189493713662523e+04
3.964975144832197482e-04 4.583910789594556263e+04
4.018884933110263447e-04 4.643385534315295081e+04
4.073527705875249275e-04 4.703623068374218565e+04
4.128913429151419485e-04 4.764632835765709024e+04
4.185052204466096484e-04 4.826424384666143305e+04
4.241954270692029592e-04 4.889007368107005459e+04
4.299630005914809147e-04 4.952391544632251316e+04
4.358089929325676955e-04 5.016586778940600198e+04
4.417344703140068654e-04 5.081603042511524836e+04
4.477405134542241988e-04 5.147450414212967735e+04
4.538282177656344967e-04 5.214139080891384947e+04
4.599986935544285514e-04 5.281679337941291305e+04
4.662530662230762540e-04 5.350081589854813501e+04
4.725924764755833583e-04 5.419356350749062403e+04
4.790180805255385486e-04 5.489514244870311813e+04
4.855310503069897314e-04 5.560566007075414382e+04
4.921325736881877180e-04 5.632522483284393093e+04
4.988238546882336165e-04 5.705394630910926935e+04
5.056061136966766636e-04 5.779193519260412722e+04
5.124805876960936667e-04 5.853930329904505925e+04
5.194485304876958085e-04 5.929616357015363610e+04
5.265112129200036914e-04 6.006263007679218572e+04
5.336699231206312212e-04 6.083881802167004935e+04
5.409259667312205089e-04 6.162484374175332778e+04
5.482806671455713737e-04 6.242082471028356667e+04
5.557353657510087077e-04 6.322687953840671253e+04
5.632914221730315031e-04 6.404312797643471276e+04
5.709502145232882124e-04 6.486969091464855592e+04
5.787131396509233262e-04 6.570669038370894850e+04
5.865816133973423326e-04 6.655424955457694887e+04
5.945570708544394012e-04 6.741249273798069044e+04
6.026409666263374482e-04 6.828154538341448642e+04
6.108347750946852527e-04 6.916153407757880632e+04
6.191399906875633390e-04 7.005258654234521964e+04
6.275581281520449225e-04 7.095483163213651278e+04
6.360907228304631990e-04 7.186839933075229055e+04
6.447393309404348544e-04 7.279342074760132527e+04
6.535055298586910739e-04 7.373002811332093552e+04
6.623909184087667943e-04 7.467835477476169763e+04
6.713971171526031661e-04 7.563853518931083090e+04
6.805257686861128840e-04 7.661070491853977728e+04
6.897785379387658469e-04 7.759500062114429602e+04
6.991571124772466474e-04 7.859156004515163659e+04
7.086632028132422217e-04 7.960052201937595964e+04
7.182985427154132182e-04 8.062202644409627828e+04
7.280648895256073075e-04 8.165621428092131100e+04
7.379640244793725466e-04 8.270322754182726203e+04
7.479977530308276092e-04 8.376320927733121789e+04
7.581679051819495982e-04 8.483630356378170836e+04
7.684763358163397215e-04 8.592265548972660326e+04
7.789249250375253775e-04 8.702241114134491363e+04
7.895155785118633789e-04 8.813571758689738635e+04
8.002502278161052448e-04 8.926272286017220176e+04
8.111308307896872294e-04 9.040357594291101850e+04
8.221593718918116574e-04 9.155842674615027499e+04
8.333378625633820150e-04 9.272742609047902806e+04
8.446683415938599938e-04 9.391072568516821775e+04
8.561528754931101897e-04 9.510847810613339243e+04
8.677935588683004372e-04 9.632083677271136548e+04
8.795925148059268416e-04 9.754795592320860305e+04
8.915518952590332233e-04 9.878999058918694209e+04
9.036738814396949072e-04 1.000470965684571711e+05
9.159606842168390621e-04 1.013194303967410669e+05
9.284145445194744509e-04 1.026071493179954414e+05
9.410377337454033401e-04 1.039104112532644067e+05
9.538325541754901632e-04 1.052293747681860259e+05
9.668013393935633720e-04 1.065641990390014253e+05
9.799464547120260473e-04 1.079150438169996632e+05
9.932702976032535460e-04 1.092820693914907606e+05
1.006775298136856683e-03 1.106654365511605283e+05
1.020463919422890352e-03 1.120653065438212216e+05
1.034338658061087273e-03 1.134818410344864824e+05
1.048402044596200358e-03 1.149152020617703529e+05
1.062656643979537595e-03 1.163655519925372355e+05
1.077105056036769051e-03 1.178330534748174105e+05
1.091749915942097273e-03 1.193178693888216512e+05
1.106593894698873481e-03 1.208201627962576895e+05
1.121639699626748041e-03 1.223400968875825201e+05
1.136890074855445836e-03 1.238778349274854700e+05
1.152347801825253726e-03 1.254335401982986805e+05
1.168015699794314839e-03 1.270073759414537926e+05
1.183896626352817305e-03 1.285995052968970267e+05
1.199993477944177834e-03 1.302100912403866387e+05
1.216309190393307944e-03 1.318392965187121881e+05
1.232846739442065853e-03 1.334872835827462841e+05
1.249609141291986841e-03 1.351542145182583190e+05
1.266599453154392462e-03 1.368402509745703719e+05
1.283820773807981853e-03 1.385455540908582625e+05
1.301276244164000949e-03 1.402702844202141860e+05
1.318969047839098482e-03 1.420146018513051677e+05
1.336902411735970244e-03 1.437786655276990205e+05
1.355079606631897195e-03 1.455626337647220062e+05
1.373503947775287165e-03 1.473666639639187488e+05
1.392178795490325513e-03 1.491909125249631761e+05
1.411107555789848592e-03 1.510355347550969163e+05
1.430293680996549965e-03 1.529006847759798111e+05
1.449740670372631464e-03 1.547865154279589187e+05
1.469452070758017065e-03 1.566931781717316480e+05
1.489431477217242764e-03 1.586208229873323580e+05
1.509682533695143238e-03 1.605695982704501366e+05
1.530208933681452164e-03 1.625396507260382641e+05
1.551014420884440229e-03 1.645311252591764787e+05
1.572102789913710748e-03 1.665441648631675635e+05
1.593477886972280389e-03 1.685789105048497731e+05
1.615143610558068604e-03 1.706355010070797871e+05
1.637103912174925433e-03 1.727140729283884575e+05
1.659362797053326932e-03 1.748147604397643881e+05
1.681924324880868958e-03 1.769376951985624910e+05
1.704792610542693338e-03 1.790830062195027422e+05
1.727971824871981721e-03 1.812508197427584964e+05
1.751466195410653504e-03 1.834412590991046745e+05
1.775280007180405099e-03 1.856544445721031516e+05
1.799417603464234733e-03 1.878904932573568949e+05
1.823883386598591999e-03 1.901495189187651849e+05
1.848681818776298086e-03 1.924316318417611183e+05
1.873817422860383055e-03 1.947369386836803751e+05
1.899294783208988488e-03 1.970655423210275767e+05
1.925118546511485557e-03 1.994175416936693364e+05
1.951293422635962246e-03 2.017930316462890187e+05
1.977824185488231967e-03 2.041921027665746806e+05
2.004715673882523364e-03 2.066148412204791966e+05
2.031972792424006566e-03 2.090613285846359213e+05
2.059600512403321568e-03 2.115316416755454848e+05
2.087603872703265497e-03 2.140258523759802629e+05
2.115987980717810510e-03 2.165440274583169958e+05
2.144758013283615174e-03 2.190862284049313748e+05
2.173919217624203232e-03 2.216525112257032888e+05
2.203476912306977578e-03 2.242429262725386943e+05
2.233436488213247709e-03 2.268575180509978090e+05
2.263803409521446697e-03 2.294963250290767173e+05
2.294583214703712921e-03 2.321593794431560673e+05
2.325781517536029078e-03 2.348467071009935171e+05
2.357404008122085913e-03 2.375583271820976515e+05
2.389456453931077928e-03 2.402942520351887797e+05
2.421944700849592864e-03 2.430544869730031351e+05
2.454874674247826960e-03 2.458390300643798546e+05
2.488252380060276912e-03 2.486478719236894685e+05
2.522083905881133178e-03 2.514809954976489826e+05
2.556375422074565022e-03 2.543383758495285874e+05
2.591133182900105456e-03 2.572199799409266561e+05
2.626363527653332534e-03 2.601257664109124453e+05
2.662072881822062989e-03 2.630556853528971551e+05
2.698267758258263323e-03 2.660096780889785150e+05
2.734954758365899536e-03 2.689876769420895143e+05
2.772140573304931934e-03 2.719896050057595130e+05
2.809831985211683984e-03 2.750153759117460577e+05
2.848035868435802066e-03 2.780648935954740155e+05
2.886759190794032943e-03 2.811380520593757392e+05
2.926009014841051813e-03 2.842347351342394250e+05
2.965792499157563888e-03 2.873548162385271862e+05
3.006116899655924494e-03 2.904981581358611002e+05
3.046989570903508009e-03 2.936646126906314748e+05
3.088417967464070647e-03 2.968540206218527164e+05
3.130409645257351686e-03 3.000662112553223269e+05
3.172972262937160792e-03 3.033010022741733119e+05
3.216113583288200770e-03 3.065581994678459596e+05
3.259841474641884691e-03 3.098375964795897016e+05
3.304163912311399321e-03 3.131389745525811450e+05
3.349088980046287245e-03 3.164621022746578674e+05
3.394624871506797016e-03 3.198067353218600620e+05
3.440779891758287586e-03 3.231726162006924278e+05
3.487562458785946774e-03 3.265594739894411759e+05
3.534981105030105680e-03 3.299670240781519096e+05
3.583044478942428324e-03 3.333949679080676287e+05
3.631761346563260138e-03 3.368429927098261542e+05
3.681140593120421980e-03 3.403107712409287342e+05
3.731191224649743707e-03 3.437979615225980524e+05
3.781922369637629160e-03 3.473042065757507225e+05
3.833343280685956589e-03 3.508291341565115144e+05
3.885463336199613746e-03 3.543723564911987633e+05
3.938292042096979903e-03 3.579334700106426608e+05
3.991839033543662270e-03 3.615120550843487727e+05
4.046114076709806870e-03 3.651076757541097468e+05
4.101127070551300463e-03 3.687198794674646924e+05
4.156888048615191809e-03 3.723481968108281144e+05
4.213407180869664474e-03 3.759921412424011505e+05
4.270694775558885568e-03 3.796512088251667446e+05
4.328761281083061754e-03 3.833248779594795778e+05
4.387617287904096303e-03 3.870126091158596682e+05
4.447273530477112609e-03 3.907138445676366100e+05
4.507740889208263976e-03 3.944280081237053964e+05
4.569030392439154924e-03 3.981545048612411483e+05
4.631153218458248719e-03 4.018927208585427725e+05
4.694120697539616756e-03 4.056420229279369814e+05
4.757944314009414019e-03 4.094017583488192176e+05
4.822635708340444055e-03 4.131712546007673373e+05
4.888206679275213309e-03 4.169498190967376577e+05
4.954669185977838251e-03 4.207367389164063497e+05
5.022035350215225090e-03 4.245312805395475007e+05
5.090317458567891577e-03 4.283326895794885349e+05
5.159527964670862846e-03 4.321401905165942735e+05
5.229679491485020315e-03 4.359529864316802705e+05
5.300784833599348628e-03 4.397702587394707953e+05
5.372856959564470056e-03 4.435911669218152529e+05
5.445909014257920011e-03 4.474148482608210179e+05
5.519954321281573054e-03 4.512404175716364989e+05
5.595006385391668689e-03 4.550669669349871692e+05
5.671078894961878447e-03 4.588935654291625251e+05
5.748185724479858323e-03 4.627192588615448913e+05
5.826340937077747160e-03 4.665430694994242513e+05
5.905558787097077607e-03 4.703639958000255865e+05
5.985853722688545472e-03 4.741810121396519244e+05
6.067240388447144896e-03 4.779930685416554916e+05
6.149733628083116008e-03 4.817990904032795806e+05
6.233348487129222910e-03 4.855979782209832338e+05
6.318100215684827742e-03 4.893886073142408859e+05
6.404004271197282980e-03 4.931698275475210394e+05
6.491076321281138983e-03 4.969404630502167856e+05
6.579332246575681983e-03 5.006993119344175211e+05
6.668788143641326410e-03 5.044451460100710392e+05
6.759460327895381974e-03 5.081767104978364077e+05
6.851365336587749745e-03 5.118927237385203480e+05
6.944519931817061571e-03 5.155918768995961873e+05
7.038941103587838775e-03 5.192728336781079997e+05
7.134646072909217422e-03 5.229342300000367104e+05
7.231652294935798746e-03 5.265746737152041169e+05
7.329977462151210203e-03 5.301927442882000469e+05
7.429639507594949614e-03 5.337869924845150672e+05
7.530656608133103926e-03 5.373559400517337490e+05
7.633047187773535011e-03 5.408980793954364490e+05
7.736829921026147465e-03 5.444118732496983139e+05
7.842023736308833398e-03 5.478957543413594831e+05
7.948647819399742159e-03 5.513481250487029320e+05
8.056721616936468253e-03 5.547673570530703291e+05
8.166264839962836600e-03 5.581517909841105575e+05
8.277297467523895766e-03 5.614997360580253880e+05
8.389839750309798297e-03 5.648094697082919301e+05
8.503912214349228227e-03 5.680792372092846781e+05
8.619535664753033219e-03 5.713072512918906286e+05
8.736731189508770840e-03 5.744916917516009416e+05
8.855520163326847244e-03 5.776307050484074280e+05
8.975924251538930018e-03 5.807224038988560205e+05
9.097965414049393254e-03 5.837648668600304518e+05
9.221665909340474865e-03 5.867561379055692814e+05
9.347048298531879934e-03 5.896942259937988129e+05
9.474135449495605515e-03 5.925771046282885363e+05
9.602950541026687714e-03 5.954027114110452821e+05
9.733517067070672490e-03 5.981689475888218731e+05
9.865858841008557853e-03 6.008736775930384174e+05
1.000000000000000021e-02 6.035147285739743384e+05
1.013596500938556896e-02 6.060898899301640922e+05
1.027377866714885950e-02 6.085969128338743467e+05
1.041346610843927462e-02 6.110335097539111739e+05
1.055505281015629848e-02 6.133973539771705400e+05
1.069856459559610611e-02 6.156860791305330349e+05
1.084402763916134105e-02 6.178972787050585030e+05
1.099146847113493392e-02 6.200285055845775642e+05
1.114091398251883941e-02 6.220772715812310344e+05
1.129239142993853674e-02 6.240410469808214111e+05
1.144592844061424926e-02 6.259172601010766812e+05
1.160155301739971417e-02 6.277032968665964436e+05
1.175929354388950687e-02 6.293965004044672241e+05
1.191917878959576627e-02 6.309941706650699489e+05
1.208123791519533259e-02 6.324935640733462060e+05
1.224550047784821530e-02 6.338918932159283431e+05
1.241199643658837636e-02 6.351863265707372921e+05
1.258075615778781603e-02 6.363739882853173185e+05
1.275181042069493259e-02 6.374519580125913490e+05
1.292519042304821064e-02 6.384172708124299534e+05
1.310092778676621127e-02 6.392669171273611719e+05
1.327905456371494472e-02 6.399978428440443240e+05
1.345960324155364221e-02 6.406069494503099704e+05
1.364260674966003006e-02 6.410910943009186303e+05
1.382809846513614535e-02 6.414470910050024977e+05
1.401611221889582579e-02 6.416717099500432378e+05
1.420668230183496153e-02 6.417616789777234662e+05
1.439984347108563996e-02 6.417136842291048961e+05
1.459563095635532659e-02 6.415243711772634415e+05
1.479408046635224266e-02 6.411903458678253228e+05
1.499522819529808607e-02 6.407081763881050283e+05
1.519911082952933069e-02 6.400743945890482282e+05
1.540576555418825787e-02 6.392854980833225418e+05
1.561523006000496532e-02 6.383379525475917617e+05
1.582754255017160272e-02 6.372281943559709471e+05
1.604274174731006031e-02 6.359526335756467888e+05
1.626086690053438893e-02 6.345076573562329868e+05
1.648195779260925101e-02 6.328896337471633451e+05
1.670605474720571887e-02 6.310949159786948003e+05
1.693319863625568356e-02 6.291198472445027437e+05
1.716343088740630504e-02 6.269607660256222589e+05
1.739679349157578075e-02 6.246140119972397806e+05
1.763332901061186869e-02 6.220759325619403971e+05
1.787308058505453559e-02 6.193428900543372147e+05
1.811609194200415260e-02 6.164112696639223723e+05
1.836240740309659503e-02 6.132774881242287811e+05
1.861207189258696007e-02 6.099380032178378897e+05
1.886513094554300579e-02 6.063893241471276851e+05
1.912163071615008078e-02 6.026280228221388534e+05
1.938161798612895309e-02 5.986507461164664710e+05
1.964514017326810663e-02 5.944542291422495618e+05
1.991224534007202812e-02 5.900353095947782276e+05
2.018298220252709094e-02 5.853909432155326940e+05
2.045740013898662835e-02 5.805182204210566124e+05
2.073554919917679207e-02 5.754143841419680975e+05
2.101748011332489272e-02 5.700768489131643437e+05
2.130324430141181460e-02 5.645032212515721330e+05
2.159289388255026740e-02 5.586913213523678714e+05
2.188648168449051912e-02 5.526392061279427726e+05
2.218406125325540421e-02 5.463451936056665145e+05
2.248568686290629282e-02 5.398078886914264876e+05
2.279141352544189481e-02 5.330262102948337561e+05
2.310129700083160542e-02 5.259994197996061994e+05
2.341539380718529045e-02 5.187271508484433871e+05
2.373376123106136701e-02 5.112094403956773458e+05
2.405645733791497709e-02 5.034467609612993547e+05
2.438354098268829054e-02 4.954400540029281401e+05
2.471507182054475185e-02 4.871907643060603295e+05
2.505111031774929012e-02 4.787008752541118884e+05
2.539171776269645922e-02 4.699729448240338243e+05
2.573695627708853448e-02 4.610101421245448291e+05
2.608688882726556413e-02 4.518162842624068726e+05
2.644157923568950935e-02 4.423958732915431610e+05
2.680109219258448860e-02 4.327541329660681658e+05
2.716549326773531198e-02 4.228970449836933985e+05
2.753484892244643586e-02 4.128313843697974226e+05
2.790922652166349938e-02 4.025647536163307377e+05
2.828869434625969417e-02 3.921056151524679735e+05
2.867332160548916389e-02 3.814633216869545868e+05
2.906317844960974034e-02 3.706481439266487141e+05
2.945833598267730280e-02 3.596712951403359184e+05
2.985886627551409891e-02 3.485449520051561994e+05
3.026484237885337242e-02 3.372822711430219351e+05
3.067633833666272639e-02 3.258974007289019064e+05
3.109342919964865060e-02 3.144054865324140992e+05
3.151619103894462426e-02 3.028226717386565288e+05
3.194470095998537540e-02 2.911660898867912474e+05
3.237903711656973244e-02 2.794538502649035654e+05
3.281927872511473943e-02 2.677050151083160308e+05
3.326550607910352259e-02 2.559395679688335513e+05
3.371780056372962464e-02 2.441783726523352088e+05
3.417624467074045075e-02 2.324431221653765824e+05
3.464092201348251826e-02 2.207562771678664139e+05
3.511191734215130672e-02 2.091409934983092535e+05
3.558931655924840037e-02 1.976210384234242374e+05
3.607320673524882365e-02 1.862206953629433701e+05
3.656367612448138682e-02 1.749646569554217858e+05
3.706081418122499083e-02 1.638779064606264874e+05
3.756471157602369465e-02 1.529855876385545416e+05
3.807546021222371624e-02 1.423128634038110904e+05
3.859315324273520503e-02 1.318847637257752649e+05
3.911788508702192246e-02 1.217260234284107864e+05
3.964975144832197373e-02 1.118609107370428683e+05
4.018884933110263014e-02 1.023130476210360212e+05
4.073527705875248928e-02 9.310522318783770606e+04
4.128913429151419290e-02 8.425920159508328652e+04
4.185052204466096354e-02 7.579552615273195261e+04
4.241954270692029766e-02 6.773332150500672287e+04
4.299630005914809039e-02 6.009009594632148219e+04
4.358089929325677236e-02 5.288154620430276555e+04
4.417344703140068524e-02 4.612136695766294724e+04
4.477405134542242204e-02 3.982106807431951893e+04
4.538282177656344923e-02 3.398980150119416066e+04
4.599986935544285449e-02 2.863420161405150066e+04
4.662530662230762735e-02 2.375824310287558546e+04
4.725924764755833063e-02 1.936310255996489650e+04
4.790180805255385421e-02 1.544711571127993739e+04
4.855310503069897032e-02 1.200546080406196779e+04
4.921325736881872193e-02 9.030948198067135309e+03
4.988238546882330787e-02 6.511237367239962623e+03
5.056061136966762126e-02 4.437284799880485480e+03
5.124805876960931289e-02 2.779466929742228785e+03
5.194485304876952231e-02 1.549648787903498715e+03
5.265112129200031493e-02 6.588805848264186125e+02
5.336699231206307181e-02 1.913185826683975677e+02
5.409259667312199538e-02 8.811501260479357001e+00
5.482806671455707492e-02 7.060553237164307916e+01
5.557353657510081396e-02 6.253663137282856042e+02
5.632914221730309090e-02 1.103866104447035468e+03
5.709502145232881604e-02 2.022037286014455276e+03
5.787131396509233305e-02 2.982598158466034874e+03
5.865816133973422719e-02 4.129182127281172143e+03
5.945570708544394706e-02 5.346811887435072094e+03
6.026409666263374959e-02 6.630752272942214404e+03
6.108347750946852700e-02 7.934517460898560785e+03
6.191399906875633824e-02 9.228353365465149182e+03
6.275581281520449528e-02 1.047885349300619055e+04
6.360907228304631122e-02 1.165654659282267676e+04
6.447393309404349238e-02 1.273396632294382289e+04
6.535055298586910089e-02 1.368680707410752620e+04
6.623909184087668767e-02 1.449405549540017819e+04
6.713971171526031401e-02 1.513838448205032910e+04
6.805257686861129751e-02 1.560640215427119801e+04
6.897785379387658122e-02 1.588886770596430506e+04
6.991571124772466561e-02 1.598083115443914176e+04
7.086632028132422434e-02 1.588170049360269331e+04
7.182985427154131575e-02 1.559522768686992822e+04
7.280648895256074116e-02 1.512941000418444128e+04
7.379640244793725379e-02 1.449630365699564936e+04
7.479977530308275224e-02 1.371174904408326074e+04
7.581679051819496806e-02 1.279500793355827227e+04
7.684763358163397562e-02 1.176831806069273807e+04
7.789249250375253342e-02 1.065636372518336611e+04
7.895155785118633529e-02 9.485691567645682881e+03
8.002502278161052751e-02 8.284019688097250764e+03
8.111308307896872294e-02 7.079630038976727519e+03
8.221593718918115967e-02 5.900377150715165953e+03
8.333378625633819370e-02 4.773578142626958652e+03
8.446683415938599504e-02 3.723784026424298190e+03
8.561528754931102547e-02 2.775117566768379675e+03
8.677935588683004242e-02 1.945435286258007181e+03
8.795925148059269283e-02 1.250962234823917925e+03
8.915518952590333057e-02 7.120290228813471458e+02
9.036738814396948205e-02 3.014636964675549962e+02
9.159606842168389884e-02 9.989285843016575939e+01
9.284145445194744162e-02 2.997458172920902664e-01
9.410377337454033098e-02 4.064468581551756898e+01
9.538325541754902326e-02 3.080604622612893877e+02
9.668013393935633026e-02 5.517760172678869139e+02
9.799464547120259605e-02 1.003549721931005024e+03
9.932702976032535547e-02 1.463788831591476310e+03
1.006775298136856761e-01 1.999359150161223852e+03
1.020463919422890386e-01 2.539662149577874516e+03
1.034338658061087213e-01 3.074684935399231563e+03
1.048402044596200428e-01 3.570804635254207369e+03
1.062656643979537630e-01 4.005642136005389602e+03
1.077105056036769121e-01 4.356674374464088942e+03
1.091749915942097360e-01 4.606589157308966605e+03
1.106593894698873481e-01 4.742675686578339082e+03
1.121639699626748032e-01 4.757948361956161534e+03
1.136890074855445715e-01 4.651416741718811863e+03
1.152347801825253787e-01 4.428280332619166074e+03
1.168015699794314882e-01 4.099723067974448895e+03
1.183896626352817366e-01 3.682554684544679276e+03
1.199993477944177739e-01 3.198047977825599901e+03
1.216309190393307926e-01 2.672052992416417965e+03
1.232846739442065853e-01 2.130008637976957289e+03
1.249609141291986719e-01 1.606093869793093518e+03
1.266599453154392541e-01 1.112162726076596527e+03
1.283820773807981819e-01 7.115553513541295843e+02
1.301276244164000784e-01 3.425206031132286171e+02
1.318969047839098352e-01 1.722595576551439649e+02
1.336902411735970131e-01 8.177118641148849676e+00
1.355079606631897360e-01 1.851909064214946055e+00
1.373503947775287226e-01 1.649645458027208917e+02
1.392178795490325305e-01 2.740990643241340763e+02
1.411107555789848644e-01 5.852228921023136081e+02
1.430293680996549965e-01 8.763621463492336261e+02
1.449740670372631490e-01 1.215990387015404849e+03
1.469452070758017204e-01 1.532995979328508156e+03
1.489431477217242894e-01 1.813358841026995606e+03
1.509682533695143325e-01 2.026786961196407219e+03
1.530208933681452277e-01 2.155083998690041881e+03
1.551014420884440081e-01 2.185731235233530697e+03
1.572102789913710774e-01 2.115439703533792454e+03
1.593477886972280433e-01 1.950373835536194065e+03
1.615143610558068543e-01 1.704957717446964580e+03
1.637103912174925346e-01 1.403003750904443450e+03
1.659362797053327010e-01 1.071068938932386800e+03
1.681924324880868793e-01 7.413877998269809950e+02
1.704792610542693321e-01 4.522273219090825478e+02
1.727971824871981921e-01 1.978362889774882660e+02
1.751466195410653626e-01 8.441953854260424350e+01
1.775280007180405073e-01 1.677360118180868179e-02
1.799417603464236737e-01 1.779375606987995795e+01
1.823883386598593725e-01 1.969603749051336763e+02
1.848681818776299890e-01 3.172839565514433389e+02
1.873817422860384885e-01 5.744237433509807715e+02
1.899294783208990423e-01 7.813627737197494980e+02
1.925118546511487561e-01 9.845411880493159060e+02
1.951293422635964336e-01 1.120450537649552643e+03
1.977824185488233910e-01 1.181902705558203706e+03
2.004715673882525306e-01 1.155418319301107204e+03
2.031972792424008578e-01 1.044681753432810410e+03
2.059600512403323702e-01 8.699336916016887926e+02
2.087603872703267804e-01 6.438093092421635220e+02
2.115987980717812800e-01 4.370425396533246385e+02
2.144758013283617482e-01 1.960780580263223101e+02
2.173919217624205591e-01 1.201055303522246192e+02
2.203476912306980007e-01 1.050858043308702916e+00
2.233436488213250137e-01 2.762205833687894518e+00
2.263803409521448762e-01 1.619819575776823228e+02
2.294583214703715401e-01 2.114509159932988496e+02
2.325781517536031351e-01 4.144856883567687191e+02
2.357404008122088168e-01 5.422482459128616483e+02
2.389456453931078084e-01 6.521690194920564636e+02
2.421944700849592569e-01 6.852899205181897742e+02
2.454874674247826960e-01 6.506860996469182510e+02
2.488252380060277102e-01 5.367278805400061401e+02
2.522083905881132848e-01 4.147639563384595363e+02
2.556375422074564918e-01 2.016775684294797486e+02
2.591133182900105525e-01 1.811786645902025157e+02
2.626363527653332586e-01 2.320501245866576578e+00
2.662072881822062920e-01 3.917985375278010968e-02
2.698267758258263149e-01 1.144501745620541158e+02
2.734954758365899519e-01 1.206245770369595363e+02
2.772140573304932021e-01 2.755646393331716695e+02
2.809831985211684313e-01 3.524408060660239244e+02
2.848035868435802032e-01 4.089291051416215623e+02
2.886759190794033203e-01 3.955892913482853714e+02
2.926009014841051692e-01 3.316023689105430776e+02
2.965792499157564044e-01 2.201442689503160466e+02
3.006116899655924546e-01 1.234900732040729423e+02
3.046989570903508304e-01 2.748622474104781332e+01
3.088417967464070490e-01 5.206402021276937964e-01
3.130409645257352103e-01 2.374089227252479262e+01
3.172972262937160948e-01 8.651568911433747644e+01
3.216113583288200961e-01 1.658860011258385612e+02
3.259841474641884673e-01 2.283334793629867647e+02
3.304163912311399720e-01 2.488526731336039859e+02
3.349088980046286967e-01 2.206555123179113878e+02
3.394624871506797259e-01 1.556892349852158191e+02
3.440779891758287690e-01 7.699907256545014889e+01
3.487562458785946617e-01 2.058982840682226012e+01
3.534981105030105542e-01 1.170738735497929284e+00
3.583044478942428168e-01 1.684769074277168954e+01
3.631761346563260329e-01 8.203174171577289542e+01
3.681140593120422189e-01 1.215889790572051226e+02
3.731191224649743621e-01 1.519256715246400518e+02
3.781922369637629178e-01 1.406827758067751120e+02
3.833343280685956311e-01 9.135506757096952413e+01
3.885463336199613815e-01 5.277092353603351427e+01
3.938292042096980250e-01 3.086810615046766682e+00
3.991839033543662651e-01 3.509066483923192870e+00
4.046114076709806939e-01 2.714796750210837573e+01
4.101127070551300324e-01 6.512301106815830565e+01
4.156888048615192122e-01 8.880698055434615412e+01
4.213407180869664370e-01 9.067276988495410706e+01
4.270694775558880885e-01 5.348970850144142020e+01
4.328761281083057244e-01 3.886078325483795481e+01
4.387617287904091445e-01 4.707219867125075896e-01
4.447273530477107717e-01 5.674170925692310075e-01
4.507740889208259327e-01 4.180086243349151687e+01
4.569030392439150101e-01 4.221462653916083951e+01
4.631153218458244347e-01 5.870057662395318943e+01
4.694120697539612141e-01 4.058866764477216549e+01
4.757944314009409092e-01 2.219086329330190921e+01
4.822635708340439198e-01 1.510907278102133322e+00
4.888206679275207689e-01 6.784753935019567361e-01
4.954669185977833012e-01 2.314236579884914136e+01
5.022035350215219296e-01 2.923251459290250409e+01
5.090317458567886755e-01 3.139570179193196253e+01
5.159527964670856948e-01 2.504888640934031230e+01
5.229679491485015319e-01 2.687336732365690928e+00
5.300784833599342383e-01 1.532399055862623261e-01
5.372856959564464852e-01 8.628334314155939211e+00
5.445909014257914738e-01 1.633781016354672033e+01
5.519954321281567156e-01 1.963907554683072831e+01
5.595006385391663173e-01 1.468680989335088505e+01
5.671078894961878447e-01 2.202256601426014537e+00
5.748185724479858427e-01 2.946468698455452506e-02
5.826340937077747473e-01 6.458636766170734234e+00
5.905558787097077156e-01 1.077117150506191301e+01
5.985853722688545542e-01 1.135520947974146466e+01
6.067240388447144861e-01 5.042003535138937842e+00
6.149733628083116077e-01 3.096573978740629340e-01
6.233348487129223292e-01 1.417588629558139690e+00
6.318100215684827603e-01 5.716134107988207091e+00
6.404004271197283327e-01 6.964807724970946801e+00
6.491076321281139538e-01 4.235158947591982859e+00
6.579332246575682053e-01 2.422662446562536542e-01
6.668788143641326549e-01 7.345131414204307818e-01
6.759460327895382425e-01 3.487675878764318504e+00
6.851365336587750265e-01 3.531434293266512814e+00
6.944519931817061398e-01 3.546493534286688121e+00
7.038941103587839088e-01 1.777743056037015554e-03
7.134646072909217596e-01 1.994499794997998954e-01
7.231652294935798642e-01 3.400740326044505490e+00
7.329977462151210377e-01 2.066519660602547770e+00
7.429639507594949510e-01 2.534271562081419904e-01
7.530656608133103891e-01 2.015328717448798546e-01
7.633047187773535081e-01 9.630733245960834132e-01
7.736829921026147083e-01 1.541817528939240622e+00
7.842023736308834092e-01 3.543403678372473165e-01
7.948647819399742298e-01 1.118497807791907633e-01
8.056721616936468600e-01 3.735754592215401182e-01
8.166264839962836808e-01 1.005050077919468210e+00
8.277297467523895280e-01 1.951771907437504228e-01
8.389839750309798783e-01 7.209383619166685742e-02
8.503912214349227394e-01 2.342821493942424671e-01
8.619535664753031901e-01 6.626899717889157548e-01
8.736731189508771811e-01 3.680282993683339776e-02
8.855520163326846550e-01 1.470140093505144067e-02
8.975924251538929255e-01 2.998813576884919452e-01
9.097965414049393740e-01 1.890985772818660482e-01
9.221665909340474032e-01 3.314365733604412306e-02
9.347048298531880350e-01 2.432347585538421203e-02
9.474135449495605377e-01 2.700339531056112352e-01
9.602950541026686881e-01 1.324213287248065217e-02
9.733517067070671658e-01 7.728048975025146724e-04
9.865858841008557922e-01 1.401515650534790880e-01
1.000000000000000000e+00 3.340601048975868487e-02
1.013596500938556799e+00 5.297846757962043976e-03
1.027377866714885846e+00 3.534203338589970295e-02
1.041346610843927323e+00 3.174322701678986697e-02
1.055505281015630015e+00 4.700120435510321722e-03
1.069856459559610729e+00 1.490349126688096312e-02
1.084402763916133994e+00 2.006499407740732280e-02
1.099146847113493530e+00 2.303837528025400733e-03
1.114091398251883858e+00 8.853904479023377502e-03
1.129239142993853751e+00 1.062777095935947026e-02
1.144592844061424808e+00 3.987287177790688154e-04
1.160155301739971501e+00 6.079962839456350306e-03
1.175929354388950632e+00 5.327785199940493661e-03
1.191917878959576793e+00 6.330719239021215532e-05
1.208123791519533308e+00 3.602482466719248485e-03
1.224550047784821460e+00 1.543591995166977227e-03
1.241199643658837726e+00 6.773151972371982020e-04
1.258075615778781575e+00 2.633211999905715837e-03
1.275181042069493342e+00 2.658729818217967679e-05
1.292519042304821175e+00 6.422065900758943801e-04
1.310092778676621217e+00 6.502106703959643517e-04
1.327905456371494486e+00 1.996516734693626512e-04
1.345960324155364374e+00 8.208802865581414339e-04
1.364260674966003117e+00 7.484301435498680358e-06
1.382809846513614493e+00 1.450028136237560203e-04
1.401611221889582648e+00 5.465693630346290285e-05
1.420668230183496084e+00 8.540173044520036933e-05
1.439984347108564045e+00 9.418140904263989997e-05
1.459563095635532770e+00 4.850007818599418459e-05
1.479408046635224183e+00 6.757825037464340406e-05
1.499522819529808704e+00 2.268678886171001047e-05
1.519911082952933201e+00 3.434169475197924919e-05
1.540576555418825766e+00 1.084598035327964898e-05
1.561523006000496538e+00 1.430675758027564214e-05
1.582754255017160494e+00 6.289200010008156608e-06
1.604274174731006086e+00 5.780860617974523019e-06
1.626086690053438755e+00 4.608100950418957989e-06
1.648195779260925198e+00 2.734095068466157919e-06
1.670605474720571859e+00 3.642287760616521308e-06
1.693319863625568411e+00 1.574377541875781742e-06
1.716343088740630352e+00 2.532289292097178818e-06
1.739679349157577937e+00 9.571935502739495368e-07
1.763332901061186897e+00 1.316757783286377708e-06
1.787308058505453712e+00 4.759204603603891367e-07
1.811609194200413331e+00 3.147434387768833217e-07
1.836240740309657449e+00 2.108994688996692604e-07
1.861207189258694106e+00 1.217553665194496599e-08
1.886513094554298720e+00 6.453173886890843432e-07
1.912163071615006205e+00 8.950624895471883381e-08
1.938161798612893394e+00 1.565745844016893715e-07
1.964514017326808526e+00 8.336424873878821559e-08
1.991224534007200786e+00 2.260679964007974537e-09
2.018298220252706887e+00 1.815794003994911081e-07
2.045740013898660781e+00 4.072580352167158156e-08
2.073554919917677264e+00 4.371375223409862714e-09
2.101748011332487120e+00 8.407578666261956362e-08
2.130324430141179448e+00 2.338518875030186839e-08
2.159289388255024367e+00 3.515648167322349634e-09
2.188648168449049969e+00 4.402729783451704266e-08
2.218406125325538270e+00 1.935067595783129354e-08
2.248568686290627117e+00 8.416955280400663564e-11
2.279141352544187260e+00 1.669692190340594312e-08
2.310129700083157989e+00 2.283132001830495492e-08
2.341539380718526964e+00 3.754865527975911398e-09
2.373376123106134106e+00 2.368963832542095964e-09
2.405645733791495378e+00 1.149207790481270683e-08
2.438354098268826764e+00 1.290392753699561087e-08
2.471507182054472729e+00 3.316263094937368073e-09
2.505111031774926555e+00 4.823249934035306283e-10
2.539171776269643299e+00 3.450367034924288235e-09
2.573695627708850520e+00 8.981241670845377854e-09
2.608688882726553970e+00 5.267107283376777808e-09
2.644157923568948299e+00 4.296152086660124999e-09
2.680109219258445918e+00 3.955445133513649913e-12
2.716549326773528339e+00 1.330387039919479025e-10
2.753484892244640658e+00 3.800696278889625719e-09
2.790922652166347273e+00 3.203164308079419276e-09
2.828869434625966406e+00 3.816057207873186227e-09
2.867332160548913489e+00 2.852963019661365338e-09
2.906317844960971009e+00 1.837400942013982270e-09
2.945833598267727282e+00 9.700238827187776949e-10
2.985886627551407102e+00 3.915689227677623255e-10
3.026484237885334050e+00 1.369235381280480411e-10
3.067633833666269627e+00 1.204661455824614768e-11
3.109342919964861895e+00 2.149064511705589465e-12
3.151619103894459428e+00 5.603900280420728356e-12
3.194470095998533932e+00 1.285781148696825551e-11
3.237903711656976657e+00 5.845686267876554598e-12
3.281927872511477329e+00 1.385814989441409841e-12
3.326550607910355950e+00 3.836826895369891405e-12
3.371780056372966072e+00 5.068915078909505423e-11
3.417624467074048322e+00 1.189511543641740138e-10
3.464092201348255351e+00 2.479900016684872353e-10
3.511191734215134641e+00 3.795961807302498353e-10
3.558931655924843618e+00 4.795712522008579643e-10
3.607320673524885724e+00 4.595815984152259875e-10
3.656367612448142346e+00 3.533653149018047241e-10
3.706081418122502580e+00 1.050741273844717035e-10
3.756471157602373268e+00 1.563000457514201542e-11
3.807546021222375732e+00 4.573761513529940752e-11
3.859315324273524528e+00 1.980181373687901353e-10
3.911788508702196410e+00 2.754149782700406589e-10
3.964975144832201703e+00 5.026637529047589679e-11
4.018884933110267177e+00 3.143305929643995758e-13
4.073527705875252813e+00 1.294183698307227415e-10
4.128913429151423564e+00 1.325301148287573817e-10
4.185052204466100711e+00 3.221520152857290444e-11
4.241954270692033901e+00 2.483132245049740278e-11
4.299630005914813147e+00 1.056503921166582367e-10
4.358089929325681844e+00 2.305868818090390017e-11
4.417344703140073214e+00 2.895841589492563404e-11
4.477405134542246756e+00 8.584818287264443991e-11
4.538282177656349781e+00 9.926241782569738837e-14
4.599986935544290390e+00 3.741119597472573113e-11
4.662530662230767398e+00 7.285036743424729161e-12
4.725924764755838225e+00 3.215760964217458397e-11
4.790180805255389807e+00 9.223723711481904166e-12
4.855310503069902417e+00 3.021250618059397195e-11
4.921325736881876800e+00 3.635677545039932134e-12
4.988238546882335811e+00 2.950851381487464452e-11
5.056061136966767400e+00 4.081453558389049457e-13
5.124805876960936146e+00 5.053391721099129650e-12
5.194485304876957699e+00 2.095027338612179844e-11
5.265112129200037572e+00 2.340462533294654313e-12
5.336699231206313065e+00 8.123001225265392420e-12
5.409259667312205089e+00 1.584650562630458055e-11
5.482806671455713321e+00 5.534671903270756929e-13
5.557353657510086364e+00 1.883825701495966238e-12
5.632914221730315418e+00 1.248714522192430442e-11
5.709502145232881354e+00 8.207802240743040657e-12
5.787131396509233028e+00 3.948022900942526700e-13
5.865816133973423163e+00 2.432899988168715805e-13
5.945570708544394734e+00 2.687208354103757800e-12
6.026409666263374376e+00 4.277744810384879239e-12
6.108347750946852450e+00 5.101565371459687372e-12
6.191399906875633796e+00 4.716112247469813512e-12
6.275581281520448584e+00 4.089703748164791542e-12
6.360907228304631289e+00 3.524794426310668992e-12
6.447393309404349182e+00 3.158462606175369107e-12
6.535055298586910588e+00 2.902336848125582609e-12
6.623909184087668045e+00 2.691522087255429410e-12
6.713971171526031512e+00 2.063435902254759041e-12
6.805257686861128974e+00 1.619307612125451093e-12
6.897785379387658011e+00 2.255441771974944101e-13
6.991571124772466561e+00 2.832555534953842601e-14
7.086632028132422434e+00 6.069240365164520716e-13
7.182985427154132019e+00 1.359421378030937655e-12
7.280648895256073061e+00 5.869847908410992465e-13
7.379640244793725934e+00 6.099414978724654704e-14
7.479977530308275391e+00 7.254723587427396585e-13
7.581679051819496529e+00 3.934626156462388790e-13
7.684763358163396951e+00 6.048911761349038520e-15
7.789249250375253730e+00 7.094636526136330241e-13
7.895155785118634029e+00 1.337272943502836473e-13
8.002502278161051308e+00 3.728911202771460865e-13
8.111308307896871739e+00 1.124986207411199483e-13
8.221593718918116522e+00 3.563144531779366504e-13
8.333378625633820036e+00 1.235077835348040245e-15
8.446683415938599282e+00 2.534209449113114808e-13
8.561528754931101659e+00 2.031364880039107376e-13
8.677935588683004298e+00 3.286018891645796464e-15
8.795925148059268395e+00 1.085907174023136451e-13
8.915518952590332447e+00 2.271021171913103088e-13
9.036738814396949593e+00 1.180882514004609323e-13
9.159606842168390273e+00 4.190763391671987044e-14
9.284145445194743829e+00 1.308323808310097664e-15
9.410377337454033153e+00 1.758610005898305291e-15
9.538325541754900883e+00 4.961918248527163059e-15
9.668013393935632749e+00 7.080695840606389510e-15
9.799464547120258828e+00 6.470854204379273954e-17
9.932702976032535602e+00 1.178750891509657030e-15
1.006775298136856733e+01 2.853786184421248321e-14
1.020463919422890520e+01 4.575538911780519563e-14
1.034338658061087202e+01 6.903778690960844511e-14
1.048402044596200433e+01 7.699806884797746069e-15
1.062656643979537563e+01 5.847065156113201713e-15
1.077105056036769071e+01 1.160759585288051498e-13
1.091749915942097360e+01 7.504386924517633606e-17
1.106593894698873548e+01 6.606155011947836766e-16
1.121639699626748055e+01 3.947337304085672795e-15
1.136890074855445754e+01 1.651220143945378967e-15
1.152347801825253804e+01 1.619492099709994447e-14
1.168015699794314877e+01 3.063292067011784781e-15
1.183896626352817449e+01 1.337851617405803086e-14
1.199993477944177833e+01 1.642238560629258943e-14
1.216309190393307915e+01 1.767907756163584604e-15
1.232846739442065953e+01 3.175409477615417111e-16
1.249609141291986703e+01 1.632799992558896383e-15
1.266599453154392485e+01 3.322602697518877737e-15
1.283820773807981830e+01 3.162589929028957580e-15
1.301276244164000850e+01 2.054635315886267329e-15
1.318969047839098430e+01 3.043544556714143982e-16
1.336902411735970198e+01 1.422743656516061290e-16
1.355079606631897349e+01 4.521282414279517890e-15
1.373503947775287237e+01 4.254996609867038023e-15
1.392178795490325349e+01 1.290040393259933655e-15
1.411107555789848611e+01 1.322414477141368359e-15
1.430293680996549988e+01 2.443562789731121594e-15
1.449740670372631612e+01 2.616184429665232512e-16
1.469452070758017115e+01 2.897176875791105259e-15
1.489431477217242872e+01 9.725479317581386130e-16
1.509682533695143292e+01 5.866355720223232368e-17
1.530208933681452166e+01 1.526461648405563664e-15
1.551014420884440170e+01 1.737500383507846387e-15
1.572102789913710730e+01 1.404836680064527809e-15
1.593477886972280366e+01 1.087546046875415447e-15
1.615143610558068588e+01 1.019822004274210010e-15
1.637103912174925568e+01 1.070773260439787044e-15
1.659362797053326943e+01 9.195763145764453139e-16
1.681924324880868937e+01 2.439420336844844160e-16
1.704792610542693154e+01 1.154085771855522734e-16
1.727971824871981710e+01 8.534527431167114316e-16
1.751466195410653626e+01 8.942295565580289337e-18
1.775280007180405306e+01 3.163010566441876702e-16
1.799417603464234716e+01 6.935723780267376249e-17
1.823883386598592082e+01 1.071042030092003590e-16
1.848681818776298158e+01 3.717737325311852422e-16
1.873817422860383175e+01 3.151831640239248478e-16
1.899294783208988591e+01 2.100891933674560791e-16
1.925118546511485462e+01 1.713620905622244520e-16
1.951293422635962216e+01 1.899057063341581194e-16
1.977824185488232089e+01 2.286860740372075824e-16
2.004715673882523319e+01 9.518830675626367271e-17
2.031972792424006613e+01 3.117985536571925331e-17
2.059600512403321559e+01 1.074239069680495480e-16
2.087603872703265750e+01 3.485155760321503407e-17
2.115987980717810402e+01 2.622030876046057351e-17
2.144758013283615483e+01 1.080536774909035380e-16
2.173919217624203526e+01 6.427233257485440113e-17
2.203476912306977553e+01 1.817061938857929196e-17
2.233436488213247983e+01 6.465847656251512812e-18
2.263803409521446497e+01 9.818640420843661984e-18
2.294583214703713026e+01 2.640701562600458821e-17
2.325781517536028886e+01 8.105127745606125849e-17
2.357404008122085770e+01 4.029781869578445686e-18
2.389456453931075686e+01 1.328831413473196537e-18
2.421944700849590149e+01 3.127354153740169182e-17
2.454874674247824373e+01 3.007874769241399462e-18
2.488252380060274405e+01 1.736254962140798552e-17
2.522083905881130406e+01 2.554405968085555773e-17
2.556375422074562564e+01 2.281055686729740443e-17
2.591133182900102838e+01 2.255325201417957789e-17
2.626363527653330010e+01 8.462218080240629410e-18
2.662072881822060211e+01 1.729511425212622060e-18
2.698267758258260329e+01 8.987627728455088339e-18
2.734954758365896765e+01 8.265149492930303042e-18
2.772140573304929134e+01 5.295090228000256500e-18
2.809831985211681271e+01 1.431657436429345196e-19
2.848035868435799145e+01 1.837687691572782153e-18
2.886759190794030161e+01 2.043723500710037062e-18
2.926009014841048739e+01 5.887702382586123718e-19
2.965792499157560869e+01 8.288795180695487756e-19
3.006116899655921770e+01 5.471305569703699445e-18
3.046989570903505040e+01 4.241424087282446402e-19
3.088417967464067715e+01 4.369641816903386079e-18
3.130409645257348572e+01 1.913009389456287463e-18
3.172972262937157595e+01 3.081819242539703596e-19
3.216113583288204580e+01 2.366088867849475779e-19
3.259841474641887515e+01 9.881891841035755976e-19
3.304163912311403095e+01 3.109461510540446853e-18
3.349088980046290942e+01 1.199477551081526349e-19
3.394624871506800190e+01 1.238890121916011092e-18
3.440779891758290887e+01 1.069304960718572259e-18
3.487562458785950525e+01 1.061541453003693068e-19
3.534981105030109205e+01 7.667129781620593189e-20
3.583044478942431965e+01 3.621784610538438811e-19
3.631761346563263970e+01 1.574168918153163879e-18
3.681140593120425564e+01 4.724573267981037557e-20
3.731191224649747795e+01 1.792613948353079080e-19
3.781922369637632642e+01 9.685501055201512217e-19
3.833343280685960508e+01 5.958490508218047199e-19
3.885463336199617856e+01 8.175220386612768138e-19
3.938292042096983891e+01 1.033972088754904094e-19
3.991839033543666915e+01 3.722096060891405738e-19
4.046114076709811513e+01 6.312284257749575829e-21
4.101127070551304143e+01 4.814001748085130133e-21
4.156888048615196141e+01 4.209980816303435524e-19
4.213407180869668878e+01 6.351580293424730202e-21
4.270694775558884970e+01 1.371984729888255331e-20
4.328761281083061618e+01 1.296432985044299651e-19
4.387617287904095775e+01 4.756901553203897173e-20
4.447273530477112757e+01 2.129604815008492819e-19
4.507740889208263724e+01 2.250197696407538897e-19
4.569030392439155008e+01 1.987119874942307447e-20
4.631153218458248944e+01 5.473256581289069249e-21
4.694120697539617026e+01 1.597346346457907741e-19
4.757944314009413489e+01 1.639843495143668872e-20
4.822635708340444438e+01 1.196279462791353910e-20
4.888206679275212707e+01 5.786638067436779745e-20
4.954669185977838453e+01 4.596975609733410766e-20
5.022035350215224980e+01 5.894110564072886579e-21
5.090317458567891862e+01 1.229595049317869903e-20
5.159527964670862588e+01 6.775800192820293314e-21
5.229679491485020293e+01 1.899329935305182002e-21
5.300784833599347934e+01 5.099876104998231470e-20
5.372856959564470003e+01 3.753825207010319558e-21
5.445909014257919978e+01 2.626112198348697115e-22
5.519954321281573328e+01 8.211019892774104681e-21
5.595006385391668857e+01 2.425998217248500767e-20
5.671078894961878802e+01 2.425197932305155932e-21
5.748185724479857583e+01 3.519112317589604245e-22
5.826340937077747384e+01 4.667666837191140005e-22
5.905558787097077555e+01 1.550442717714803547e-20
5.985853722688545986e+01 3.450930183911477384e-24
6.067240388447144284e+01 2.064188517824290684e-21
6.149733628083116344e+01 8.589177854217251283e-23
6.233348487129223514e+01 7.514739709195326962e-21
6.318100215684827958e+01 2.371759150611493844e-23
6.404004271197283060e+01 1.456134580372753306e-22
6.491076321281138917e+01 1.155950603269347914e-21
6.579332246575683030e+01 4.332416526947445536e-21
6.668788143641326371e+01 5.082131985939406833e-21
6.759460327895382648e+01 5.361376521610464176e-21
6.851365336587750221e+01 1.663304948843390140e-21
6.944519931817060865e+01 2.809082977344747530e-21
7.038941103587838199e+01 3.532998663796993886e-21
7.134646072909217196e+01 2.502741673975676260e-21
7.231652294935798864e+01 1.665126285831445679e-21
7.329977462151209977e+01 2.182167056516942238e-22
7.429639507594950487e+01 5.865443238575437542e-22
7.530656608133104157e+01 9.313871344614685191e-22
7.633047187773534858e+01 1.083101482067754828e-21
7.736829921026146906e+01 7.416996439834608107e-22
7.842023736308833293e+01 7.199469467658182589e-22
7.948647819399742787e+01 4.104305182771962657e-22
8.056721616936468422e+01 5.132487338497676593e-22
8.166264839962836675e+01 2.780995020589183040e-22
8.277297467523895591e+01 1.873597564840570368e-22
8.389839750309798205e+01 7.171362689185365145e-23
8.503912214349227838e+01 3.444688721692195656e-23
8.619535664753031767e+01 1.287262503516967741e-21
8.736731189508770967e+01 3.802401254768906923e-23
8.855520163326846728e+01 7.427732606249141769e-24
8.975924251538928900e+01 1.802541257920375526e-22
9.097965414049393473e+01 5.143396857364147989e-23
9.221665909340474343e+01 4.018195941272872435e-22
9.347048298531879595e+01 2.030107426648087623e-22
9.474135449495605599e+01 2.043080678325657402e-22
9.602950541026687858e+01 2.345807650112681734e-22
9.733517067070671658e+01 1.336002895847468352e-22
9.865858841008557079e+01 7.196067801949256388e-24
1.000000000000000000e+02 1.002895944086879748e-23
