0.000000000000000000e+00 5.000000000000000278e-02
1.955034213098729226e-04 5.000000000000000278e-02
3.910068426197458452e-04 5.000000000000000278e-02
5.865102639296187678e-04 5.000000000000000278e-02
7.820136852394916904e-04 5.000000000000000278e-02
9.775171065493646130e-04 5.000000000000000278e-02
1.173020527859237536e-03 5.000000000000000278e-02
1.368523949169110458e-03 5.000000000000000278e-02
1.564027370478983381e-03 5.000000000000000278e-02
1.759530791788856303e-03 5.000000000000000278e-02
1.955034213098729226e-03 5.000000000000000278e-02
2.150537634408602149e-03 5.000000000000000278e-02
2.346041055718475071e-03 5.000000000000000278e-02
2.541544477028347994e-03 5.000000000000000278e-02
2.737047898338220916e-03 5.000000000000000278e-02
2.932551319648093839e-03 5.000000000000000278e-02
3.128054740957966762e-03 5.000000000000000278e-02
3.323558162267839684e-03 5.000000000000000278e-02
3.519061583577712607e-03 5.000000000000000278e-02
3.714565004887585530e-03 5.000000000000000278e-02
3.910068426197458452e-03 5.000000000000000278e-02
4.105571847507331375e-03 5.000000000000000278e-02
4.301075268817204297e-03 5.000000000000000278e-02
4.496578690127077220e-03 5.000000000000000278e-02
4.692082111436950143e-03 5.000000000000000278e-02
4.887585532746823065e-03 5.000000000000000278e-02
5.083088954056695988e-03 5.000000000000000278e-02
5.278592375366568910e-03 5.000000000000000278e-02
5.474095796676441833e-03 5.000000000000000278e-02
5.669599217986314756e-03 5.000000000000000278e-02
5.865102639296187678e-03 5.000000000000000278e-02
6.060606060606060601e-03 5.000000000000000278e-02
6.256109481915933523e-03 5.000000000000000278e-02
6.451612903225806446e-03 5.000000000000000278e-02
6.647116324535679369e-03 5.000000000000000278e-02
6.842619745845552291e-03 5.000000000000000278e-02
7.038123167155425214e-03 5.000000000000000278e-02
7.233626588465298136e-03 5.000000000000000278e-02
7.429130009775171059e-03 5.000000000000000278e-02
7.624633431085043982e-03 5.000000000000000278e-02
7.820136852394916904e-03 5.000000000000000278e-02
8.015640273704788960e-03 5.000000000000000278e-02
8.211143695014662749e-03 5.000000000000000278e-02
8.406647116324536539e-03 5.000000000000000278e-02
8.602150537634408595e-03 5.000000000000000278e-02
8.797653958944280650e-03 5.000000000000000278e-02
8.993157380254154440e-03 5.000000000000000278e-02
9.188660801564028230e-03 5.000000000000000278e-02
9.384164222873900285e-03 5.000000000000000278e-02
9.579667644183772340e-03 5.000000000000000278e-02
9.775171065493646130e-03 5.000000000000000278e-02
9.970674486803519920e-03 5.000000000000000278e-02
1.016617790811339198e-02 5.000000000000000278e-02
1.036168132942326403e-02 5.000000000000000278e-02
1.055718475073313782e-02 5.000000000000000278e-02
1.075268817204301161e-02 5.000000000000000278e-02
1.094819159335288367e-02 5.000000000000000278e-02
1.114369501466275572e-02 5.000000000000000278e-02
1.133919843597262951e-02 5.000000000000000278e-02
1.153470185728250330e-02 5.000000000000000278e-02
1.173020527859237536e-02 5.000000000000000278e-02
1.192570869990224741e-02 5.000000000000000278e-02
1.212121212121212120e-02 5.000000000000000278e-02
1.231671554252199499e-02 5.000000000000000278e-02
1.251221896383186705e-02 5.000000000000000278e-02
1.270772238514173910e-02 5.000000000000000278e-02
1.290322580645161289e-02 5.000000000000000278e-02
1.309872922776148668e-02 5.000000000000000278e-02
1.329423264907135874e-02 5.000000000000000278e-02
1.348973607038123079e-02 5.000000000000000278e-02
1.368523949169110458e-02 5.000000000000000278e-02
1.388074291300097837e-02 5.000000000000000278e-02
1.407624633431085043e-02 5.000000000000000278e-02
1.427174975562072248e-02 5.000000000000000278e-02
1.446725317693059627e-02 5.000000000000000278e-02
1.466275659824047006e-02 5.000000000000000278e-02
1.485826001955034212e-02 5.000000000000000278e-02
1.505376344086021417e-02 5.000000000000000278e-02
1.524926686217008796e-02 5.000000000000000278e-02
1.544477028347996175e-02 5.000000000000000278e-02
1.564027370478983381e-02 5.000000000000000278e-02
1.583577712609970586e-02 5.000000000000000278e-02
1.603128054740957792e-02 5.000000000000000278e-02
1.622678396871945344e-02 5.000000000000000278e-02
1.642228739002932550e-02 5.000000000000000278e-02
1.661779081133919755e-02 5.000000000000000278e-02
1.681329423264907308e-02 5.000000000000000278e-02
1.700879765395894513e-02 5.000000000000000278e-02
1.720430107526881719e-02 5.000000000000000278e-02
1.739980449657868924e-02 5.000000000000000278e-02
1.759530791788856130e-02 5.000000000000000278e-02
1.779081133919843682e-02 5.000000000000000278e-02
1.798631476050830888e-02 5.000000000000000278e-02
1.818181818181818094e-02 5.000000000000000278e-02
1.837732160312805646e-02 5.000000000000000278e-02
1.857282502443792851e-02 5.000000000000000278e-02
1.876832844574780057e-02 5.000000000000000278e-02
1.896383186705767263e-02 5.000000000000000278e-02
1.915933528836754468e-02 5.000000000000000278e-02
1.935483870967742021e-02 5.000000000000000278e-02
1.955034213098729226e-02 5.000000000000000278e-02
1.974584555229716432e-02 5.000000000000000278e-02
1.994134897360703984e-02 5.000000000000000278e-02
2.013685239491691190e-02 5.000000000000000278e-02
2.033235581622678395e-02 5.000000000000000278e-02
2.052785923753665601e-02 5.000000000000000278e-02
2.072336265884652806e-02 5.000000000000000278e-02
2.091886608015640359e-02 5.000000000000000278e-02
2.111436950146627564e-02 5.000000000000000278e-02
2.130987292277614770e-02 5.000000000000000278e-02
2.150537634408602322e-02 5.000000000000000278e-02
2.170087976539589528e-02 5.000000000000000278e-02
2.189638318670576733e-02 5.000000000000000278e-02
2.209188660801563939e-02 5.000000000000000278e-02
2.228739002932551144e-02 5.000000000000000278e-02
2.248289345063538697e-02 5.000000000000000278e-02
2.267839687194525902e-02 5.000000000000000278e-02
2.287390029325513108e-02 5.000000000000000278e-02
2.306940371456500660e-02 5.000000000000000278e-02
2.326490713587487866e-02 5.000000000000000278e-02
2.346041055718475071e-02 5.000000000000000278e-02
2.365591397849462277e-02 5.000000000000000278e-02
2.385141739980449482e-02 5.000000000000000278e-02
2.404692082111437035e-02 5.000000000000000278e-02
2.424242424242424240e-02 5.000000000000000278e-02
2.443792766373411446e-02 5.000000000000000278e-02
2.463343108504398998e-02 5.000000000000000278e-02
2.482893450635386204e-02 5.000000000000000278e-02
2.502443792766373409e-02 5.000000000000000278e-02
2.521994134897360615e-02 5.000000000000000278e-02
2.541544477028347820e-02 5.000000000000000278e-02
2.561094819159335373e-02 5.000000000000000278e-02
2.580645161290322578e-02 5.000000000000000278e-02
2.600195503421309784e-02 5.000000000000000278e-02
2.619745845552297336e-02 5.000000000000000278e-02
2.639296187683284542e-02 5.000000000000000278e-02
2.658846529814271747e-02 5.000000000000000278e-02
2.678396871945258953e-02 5.000000000000000278e-02
2.697947214076246158e-02 5.000000000000000278e-02
2.717497556207233711e-02 5.000000000000000278e-02
2.737047898338220916e-02 5.000000000000000278e-02
2.756598240469208122e-02 5.000000000000000278e-02
2.776148582600195674e-02 5.000000000000000278e-02
2.795698924731182880e-02 5.000000000000000278e-02
2.815249266862170086e-02 5.000000000000000278e-02
2.834799608993157291e-02 5.000000000000000278e-02
2.854349951124144497e-02 5.000000000000000278e-02
2.873900293255132049e-02 5.000000000000000278e-02
2.893450635386119255e-02 5.000000000000000278e-02
2.913000977517106460e-02 5.000000000000000278e-02
2.932551319648094013e-02 5.000000000000000278e-02
2.952101661779081218e-02 5.000000000000000278e-02
2.971652003910068424e-02 5.000000000000000278e-02
2.991202346041055629e-02 5.000000000000000278e-02
3.010752688172042835e-02 5.000000000000000278e-02
3.030303030303030387e-02 5.000000000000000278e-02
3.049853372434017593e-02 5.000000000000000278e-02
3.069403714565004798e-02 5.000000000000000278e-02
3.088954056695992351e-02 5.000000000000000278e-02
3.108504398826979556e-02 5.000000000000000278e-02
3.128054740957966762e-02 5.000000000000000278e-02
3.147605083088954314e-02 5.000000000000000278e-02
3.167155425219941173e-02 5.000000000000000278e-02
3.186705767350928725e-02 5.000000000000000278e-02
3.206256109481915584e-02 5.000000000000000278e-02
3.225806451612903136e-02 5.000000000000000278e-02
3.245356793743890689e-02 5.000000000000000278e-02
3.264907135874877547e-02 5.000000000000000278e-02
3.284457478005865100e-02 5.000000000000000278e-02
3.304007820136852652e-02 5.000000000000000278e-02
3.323558162267839511e-02 5.000000000000000278e-02
3.343108504398827063e-02 5.000000000000000278e-02
3.362658846529814616e-02 5.000000000000000278e-02
3.382209188660801474e-02 5.000000000000000278e-02
3.401759530791789027e-02 5.000000000000000278e-02
3.421309872922775885e-02 5.000000000000000278e-02
3.440860215053763438e-02 5.000000000000000278e-02
3.460410557184750990e-02 5.000000000000000278e-02
3.479960899315737849e-02 5.000000000000000278e-02
3.499511241446725401e-02 5.000000000000000278e-02
3.519061583577712260e-02 5.000000000000000278e-02
3.538611925708699812e-02 5.000000000000000278e-02
3.558162267839687365e-02 5.000000000000000278e-02
3.577712609970674223e-02 5.000000000000000278e-02
3.597262952101661776e-02 5.000000000000000278e-02
3.616813294232649328e-02 5.000000000000000278e-02
3.636363636363636187e-02 5.000000000000000278e-02
3.655913978494623739e-02 5.000000000000000278e-02
3.675464320625611292e-02 5.000000000000000278e-02
3.695014662756598151e-02 5.000000000000000278e-02
3.714565004887585703e-02 5.000000000000000278e-02
3.734115347018572562e-02 5.000000000000000278e-02
3.753665689149560114e-02 5.000000000000000278e-02
3.773216031280547667e-02 5.000000000000000278e-02
3.792766373411534525e-02 5.000000000000000278e-02
3.812316715542522078e-02 5.000000000000000278e-02
3.831867057673508936e-02 5.000000000000000278e-02
3.851417399804496489e-02 5.000000000000000278e-02
3.870967741935484041e-02 5.000000000000000278e-02
3.890518084066470900e-02 5.000000000000000278e-02
3.910068426197458452e-02 5.000000000000000278e-02
3.929618768328446005e-02 5.000000000000000278e-02
3.949169110459432863e-02 5.000000000000000278e-02
3.968719452590420416e-02 5.000000000000000278e-02
3.988269794721407968e-02 5.000000000000000278e-02
4.007820136852394827e-02 5.000000000000000278e-02
4.027370478983382379e-02 5.000000000000000278e-02
4.046920821114369238e-02 5.000000000000000278e-02
4.066471163245356790e-02 5.000000000000000278e-02
4.086021505376344343e-02 5.000000000000000278e-02
4.105571847507331201e-02 5.000000000000000278e-02
4.125122189638318754e-02 5.000000000000000278e-02
4.144672531769305612e-02 5.000000000000000278e-02
4.164222873900293165e-02 5.000000000000000278e-02
4.183773216031280717e-02 5.000000000000000278e-02
4.203323558162267576e-02 5.000000000000000278e-02
4.222873900293255128e-02 5.000000000000000278e-02
4.242424242424242681e-02 5.000000000000000278e-02
4.261974584555229539e-02 5.000000000000000278e-02
4.281524926686217092e-02 5.000000000000000278e-02
4.301075268817204644e-02 5.000000000000000278e-02
4.320625610948191503e-02 5.000000000000000278e-02
4.340175953079179055e-02 5.000000000000000278e-02
4.359726295210165914e-02 5.000000000000000278e-02
4.379276637341153466e-02 5.000000000000000278e-02
4.398826979472141019e-02 5.000000000000000278e-02
4.418377321603127877e-02 5.000000000000000278e-02
4.437927663734115430e-02 5.000000000000000278e-02
4.457478005865102288e-02 5.000000000000000278e-02
4.477028347996089841e-02 5.000000000000000278e-02
4.496578690127077393e-02 5.000000000000000278e-02
4.516129032258064252e-02 5.000000000000000278e-02
4.535679374389051804e-02 5.000000000000000278e-02
4.555229716520039357e-02 5.000000000000000278e-02
4.574780058651026216e-02 5.000000000000000278e-02
4.594330400782013768e-02 5.000000000000000278e-02
4.613880742913001320e-02 5.000000000000000278e-02
4.633431085043988179e-02 5.000000000000000278e-02
4.652981427174975732e-02 5.000000000000000278e-02
4.672531769305962590e-02 5.000000000000000278e-02
4.692082111436950143e-02 5.000000000000000278e-02
4.711632453567937695e-02 5.000000000000000278e-02
4.731182795698924554e-02 5.000000000000000278e-02
4.750733137829912106e-02 5.000000000000000278e-02
4.770283479960898965e-02 5.000000000000000278e-02
4.789833822091886517e-02 5.000000000000000278e-02
4.809384164222874070e-02 5.000000000000000278e-02
4.828934506353860928e-02 5.000000000000000278e-02
4.848484848484848481e-02 5.000000000000000278e-02
4.868035190615836033e-02 5.000000000000000278e-02
4.887585532746822892e-02 5.000000000000000278e-02
4.907135874877810444e-02 5.000000000000000278e-02
4.926686217008797997e-02 5.000000000000000278e-02
4.946236559139784855e-02 5.000000000000000278e-02
4.965786901270772408e-02 5.000000000000000278e-02
4.985337243401759266e-02 5.000000000000000278e-02
5.004887585532746819e-02 5.000000000000000278e-02
5.024437927663734371e-02 5.000000000000000278e-02
5.043988269794721230e-02 5.000000000000000278e-02
5.063538611925708782e-02 5.000000000000000278e-02
5.083088954056695641e-02 5.000000000000000278e-02
5.102639296187683193e-02 5.000000000000000278e-02
5.122189638318670746e-02 5.000000000000000278e-02
5.141739980449657604e-02 5.000000000000000278e-02
5.161290322580645157e-02 5.000000000000000278e-02
5.180840664711632709e-02 5.000000000000000278e-02
5.200391006842619568e-02 5.000000000000000278e-02
5.219941348973607120e-02 5.000000000000000278e-02
5.239491691104594673e-02 5.000000000000000278e-02
5.259042033235581531e-02 5.000000000000000278e-02
5.278592375366569084e-02 5.000000000000000278e-02
5.298142717497555942e-02 5.000000000000000278e-02
5.317693059628543495e-02 5.000000000000000278e-02
5.337243401759531047e-02 5.000000000000000278e-02
5.356793743890517906e-02 5.000000000000000278e-02
5.376344086021505458e-02 5.000000000000000278e-02
5.395894428152492317e-02 5.000000000000000278e-02
5.415444770283479869e-02 5.000000000000000278e-02
5.434995112414467422e-02 5.000000000000000278e-02
5.454545454545454281e-02 5.000000000000000278e-02
5.474095796676441833e-02 5.000000000000000278e-02
5.493646138807429385e-02 5.000000000000000278e-02
5.513196480938416244e-02 5.000000000000000278e-02
5.532746823069403797e-02 5.000000000000000278e-02
5.552297165200391349e-02 5.000000000000000278e-02
5.571847507331378208e-02 5.000000000000000278e-02
5.591397849462365760e-02 5.000000000000000278e-02
5.610948191593352619e-02 5.000000000000000278e-02
5.630498533724340171e-02 5.000000000000000278e-02
5.650048875855327724e-02 5.000000000000000278e-02
5.669599217986314582e-02 5.000000000000000278e-02
5.689149560117302135e-02 5.000000000000000278e-02
5.708699902248288993e-02 5.000000000000000278e-02
5.728250244379276546e-02 5.000000000000000278e-02
5.747800586510264098e-02 5.000000000000000278e-02
5.767350928641250957e-02 5.000000000000000278e-02
5.786901270772238509e-02 5.000000000000000278e-02
5.806451612903226062e-02 5.000000000000000278e-02
5.826001955034212920e-02 5.000000000000000278e-02
5.845552297165200473e-02 5.000000000000000278e-02
5.865102639296188025e-02 5.000000000000000278e-02
5.884652981427174884e-02 5.000000000000000278e-02
5.904203323558162436e-02 5.000000000000000278e-02
5.923753665689149295e-02 5.000000000000000278e-02
5.943304007820136847e-02 5.000000000000000278e-02
5.962854349951124400e-02 5.000000000000000278e-02
5.982404692082111258e-02 5.000000000000000278e-02
6.001955034213098811e-02 5.000000000000000278e-02
6.021505376344085669e-02 5.000000000000000278e-02
6.041055718475073222e-02 5.000000000000000278e-02
6.060606060606060774e-02 5.000000000000000278e-02
6.080156402737047633e-02 5.000000000000000278e-02
6.099706744868035185e-02 5.000000000000000278e-02
6.119257086999022738e-02 5.000000000000000278e-02
6.138807429130009596e-02 5.000000000000000278e-02
6.158357771260997149e-02 5.000000000000000278e-02
6.177908113391984701e-02 5.000000000000000278e-02
6.197458455522971560e-02 5.000000000000000278e-02
6.217008797653959112e-02 5.000000000000000278e-02
6.236559139784945971e-02 5.000000000000000278e-02
6.256109481915933523e-02 5.000000000000000278e-02
6.275659824046921076e-02 5.000000000000000278e-02
6.295210166177908628e-02 5.000000000000000278e-02
6.314760508308894793e-02 5.000000000000000278e-02
6.334310850439882346e-02 5.000000000000000278e-02
6.353861192570869898e-02 5.000000000000000278e-02
6.373411534701857450e-02 5.000000000000000278e-02
6.392961876832845003e-02 5.000000000000000278e-02
6.412512218963831168e-02 5.000000000000000278e-02
6.432062561094818720e-02 5.000000000000000278e-02
6.451612903225806273e-02 5.000000000000000278e-02
6.471163245356793825e-02 5.000000000000000278e-02
6.490713587487781377e-02 5.000000000000000278e-02
6.510263929618768930e-02 5.000000000000000278e-02
6.529814271749755095e-02 5.000000000000000278e-02
6.549364613880742647e-02 5.000000000000000278e-02
6.568914956011730200e-02 5.000000000000000278e-02
6.588465298142717752e-02 5.000000000000000278e-02
6.608015640273705305e-02 5.000000000000000278e-02
6.627565982404691469e-02 5.000000000000000278e-02
6.647116324535679022e-02 5.000000000000000278e-02
6.666666666666666574e-02 5.000000000000000278e-02
6.686217008797654127e-02 5.000000000000000278e-02
6.705767350928641679e-02 5.000000000000000278e-02
6.725317693059629232e-02 5.000000000000000278e-02
6.744868035190615396e-02 5.000000000000000278e-02
6.764418377321602949e-02 5.000000000000000278e-02
6.783968719452590501e-02 5.000000000000000278e-02
6.803519061583578054e-02 5.000000000000000278e-02
6.823069403714565606e-02 5.000000000000000278e-02
6.842619745845551771e-02 5.000000000000000278e-02
6.862170087976539323e-02 5.000000000000000278e-02
6.881720430107526876e-02 5.000000000000000278e-02
6.901270772238514428e-02 5.000000000000000278e-02
6.920821114369501981e-02 5.000000000000000278e-02
6.940371456500488145e-02 5.000000000000000278e-02
6.959921798631475698e-02 5.000000000000000278e-02
6.979472140762463250e-02 5.000000000000000278e-02
6.999022482893450803e-02 5.000000000000000278e-02
7.018572825024438355e-02 5.000000000000000278e-02
7.038123167155424520e-02 5.000000000000000278e-02
7.057673509286412072e-02 5.000000000000000278e-02
7.077223851417399625e-02 5.000000000000000278e-02
7.096774193548387177e-02 5.000000000000000278e-02
7.116324535679374730e-02 5.000000000000000278e-02
7.135874877810362282e-02 5.000000000000000278e-02
7.155425219941348447e-02 5.000000000000000278e-02
7.174975562072335999e-02 5.000000000000000278e-02
7.194525904203323552e-02 5.000000000000000278e-02
7.214076246334311104e-02 5.000000000000000278e-02
7.233626588465298657e-02 5.000000000000000278e-02
7.253176930596284822e-02 5.000000000000000278e-02
7.272727272727272374e-02 5.000000000000000278e-02
7.292277614858259926e-02 5.000000000000000278e-02
7.311827956989247479e-02 5.000000000000000278e-02
7.331378299120235031e-02 5.000000000000000278e-02
7.350928641251222584e-02 5.000000000000000278e-02
7.370478983382208749e-02 5.000000000000000278e-02
7.390029325513196301e-02 5.000000000000000278e-02
7.409579667644183854e-02 5.000000000000000278e-02
7.429130009775171406e-02 5.000000000000000278e-02
7.448680351906158958e-02 5.000000000000000278e-02
7.468230694037145123e-02 5.000000000000000278e-02
7.487781036168132676e-02 5.000000000000000278e-02
7.507331378299120228e-02 5.000000000000000278e-02
7.526881720430107781e-02 5.000000000000000278e-02
7.546432062561095333e-02 5.000000000000000278e-02
7.565982404692081498e-02 5.000000000000000278e-02
7.585532746823069050e-02 5.000000000000000278e-02
7.605083088954056603e-02 5.000000000000000278e-02
7.624633431085044155e-02 5.000000000000000278e-02
7.644183773216031708e-02 5.000000000000000278e-02
7.663734115347017872e-02 5.000000000000000278e-02
7.683284457478005425e-02 5.000000000000000278e-02
7.702834799608992977e-02 5.000000000000000278e-02
7.722385141739980530e-02 5.000000000000000278e-02
7.741935483870968082e-02 5.000000000000000278e-02
7.761485826001955635e-02 5.000000000000000278e-02
7.781036168132941799e-02 5.000000000000000278e-02
7.800586510263929352e-02 5.000000000000000278e-02
7.820136852394916904e-02 5.000000000000000278e-02
7.839687194525904457e-02 5.000000000000000278e-02
7.859237536656892009e-02 5.000000000000000278e-02
7.878787878787878174e-02 5.000000000000000278e-02
7.898338220918865726e-02 5.000000000000000278e-02
7.917888563049853279e-02 5.000000000000000278e-02
7.937438905180840831e-02 5.000000000000000278e-02
7.956989247311828384e-02 5.000000000000000278e-02
7.976539589442815936e-02 5.000000000000000278e-02
7.996089931573802101e-02 5.000000000000000278e-02
8.015640273704789653e-02 5.000000000000000278e-02
8.035190615835777206e-02 5.000000000000000278e-02
8.054740957966764758e-02 5.000000000000000278e-02
8.074291300097752311e-02 5.000000000000000278e-02
8.093841642228738475e-02 5.000000000000000278e-02
8.113391984359726028e-02 5.000000000000000278e-02
8.132942326490713580e-02 5.000000000000000278e-02
8.152492668621701133e-02 5.000000000000000278e-02
8.172043010752688685e-02 5.000000000000000278e-02
8.191593352883674850e-02 5.000000000000000278e-02
8.211143695014662403e-02 5.000000000000000278e-02
8.230694037145649955e-02 5.000000000000000278e-02
8.250244379276637507e-02 5.000000000000000278e-02
8.269794721407625060e-02 5.000000000000000278e-02
8.289345063538611225e-02 5.000000000000000278e-02
8.308895405669598777e-02 5.000000000000000278e-02
8.328445747800586330e-02 5.000000000000000278e-02
8.347996089931573882e-02 5.000000000000000278e-02
8.367546432062561435e-02 5.000000000000000278e-02
8.387096774193548987e-02 5.000000000000000278e-02
8.406647116324535152e-02 5.000000000000000278e-02
8.426197458455522704e-02 5.000000000000000278e-02
8.445747800586510257e-02 5.000000000000000278e-02
8.465298142717497809e-02 5.000000000000000278e-02
8.484848484848485362e-02 5.000000000000000278e-02
8.504398826979471526e-02 5.000000000000000278e-02
8.523949169110459079e-02 5.000000000000000278e-02
8.543499511241446631e-02 5.000000000000000278e-02
8.563049853372434184e-02 5.000000000000000278e-02
8.582600195503421736e-02 5.000000000000000278e-02
8.602150537634409289e-02 5.000000000000000278e-02
8.621700879765395453e-02 5.000000000000000278e-02
8.641251221896383006e-02 5.000000000000000278e-02
8.660801564027370558e-02 5.000000000000000278e-02
8.680351906158358111e-02 5.000000000000000278e-02
8.699902248289345663e-02 5.000000000000000278e-02
8.719452590420331828e-02 5.000000000000000278e-02
8.739002932551319380e-02 5.000000000000000278e-02
8.758553274682306933e-02 5.000000000000000278e-02
8.778103616813294485e-02 5.000000000000000278e-02
8.797653958944282038e-02 5.000000000000000278e-02
8.817204301075268202e-02 5.000000000000000278e-02
8.836754643206255755e-02 5.000000000000000278e-02
8.856304985337243307e-02 5.000000000000000278e-02
8.875855327468230860e-02 5.000000000000000278e-02
8.895405669599218412e-02 5.000000000000000278e-02
8.914956011730204577e-02 5.000000000000000278e-02
8.934506353861192129e-02 5.000000000000000278e-02
8.954056695992179682e-02 5.000000000000000278e-02
8.973607038123167234e-02 5.000000000000000278e-02
8.993157380254154787e-02 5.000000000000000278e-02
9.012707722385142339e-02 5.000000000000000278e-02
9.032258064516128504e-02 5.000000000000000278e-02
9.051808406647116056e-02 5.000000000000000278e-02
9.071358748778103609e-02 5.000000000000000278e-02
9.090909090909091161e-02 5.000000000000000278e-02
9.110459433040078714e-02 5.000000000000000278e-02
9.130009775171064879e-02 5.000000000000000278e-02
9.149560117302052431e-02 5.000000000000000278e-02
9.169110459433039984e-02 5.000000000000000278e-02
9.188660801564027536e-02 5.000000000000000278e-02
9.208211143695015088e-02 5.000000000000000278e-02
9.227761485826002641e-02 5.000000000000000278e-02
9.247311827956988806e-02 5.000000000000000278e-02
9.266862170087976358e-02 5.000000000000000278e-02
9.286412512218963911e-02 5.000000000000000278e-02
9.305962854349951463e-02 5.000000000000000278e-02
9.325513196480939015e-02 5.000000000000000278e-02
9.345063538611925180e-02 5.000000000000000278e-02
9.364613880742912733e-02 5.000000000000000278e-02
9.384164222873900285e-02 5.000000000000000278e-02
9.403714565004887838e-02 5.000000000000000278e-02
9.423264907135875390e-02 5.000000000000000278e-02
9.442815249266861555e-02 5.000000000000000278e-02
9.462365591397849107e-02 5.000000000000000278e-02
9.481915933528836660e-02 5.000000000000000278e-02
9.501466275659824212e-02 5.000000000000000278e-02
9.521016617790811765e-02 5.000000000000000278e-02
9.540566959921797929e-02 5.000000000000000278e-02
9.560117302052785482e-02 5.000000000000000278e-02
9.579667644183773034e-02 5.000000000000000278e-02
9.599217986314760587e-02 5.000000000000000278e-02
9.618768328445748139e-02 5.000000000000000278e-02
9.638318670576735692e-02 5.000000000000000278e-02
9.657869012707721856e-02 5.000000000000000278e-02
9.677419354838709409e-02 5.000000000000000278e-02
9.696969696969696961e-02 5.000000000000000278e-02
9.716520039100684514e-02 5.000000000000000278e-02
9.736070381231672066e-02 5.000000000000000278e-02
9.755620723362658231e-02 5.000000000000000278e-02
9.775171065493645783e-02 5.000000000000000278e-02
9.794721407624633336e-02 5.000000000000000278e-02
9.814271749755620888e-02 5.000000000000000278e-02
9.833822091886608441e-02 5.000000000000000278e-02
9.853372434017595993e-02 5.000000000000000278e-02
9.872922776148582158e-02 5.000000000000000278e-02
9.892473118279569710e-02 5.000000000000000278e-02
9.912023460410557263e-02 5.000000000000000278e-02
9.931573802541544815e-02 5.000000000000000278e-02
9.951124144672532368e-02 5.000000000000000278e-02
9.970674486803518533e-02 5.000000000000000278e-02
9.990224828934506085e-02 5.000000000000000278e-02
1.000977517106549364e-01 5.000000000000000278e-02
1.002932551319648119e-01 5.000000000000000278e-02
1.004887585532746874e-01 5.000000000000000278e-02
1.006842619745845491e-01 5.000000000000000278e-02
1.008797653958944246e-01 5.000000000000000278e-02
1.010752688172043001e-01 5.000000000000000278e-02
1.012707722385141756e-01 5.000000000000000278e-02
1.014662756598240512e-01 5.000000000000000278e-02
1.016617790811339128e-01 5.000000000000000278e-02
1.018572825024437883e-01 5.000000000000000278e-02
1.020527859237536639e-01 5.000000000000000278e-02
1.022482893450635394e-01 5.000000000000000278e-02
1.024437927663734149e-01 5.000000000000000278e-02
1.026392961876832904e-01 5.000000000000000278e-02
1.028347996089931521e-01 5.000000000000000278e-02
1.030303030303030276e-01 5.000000000000000278e-02
1.032258064516129031e-01 5.000000000000000278e-02
1.034213098729227787e-01 5.000000000000000278e-02
1.036168132942326542e-01 5.000000000000000278e-02
1.038123167155425158e-01 5.000000000000000278e-02
1.040078201368523914e-01 5.000000000000000278e-02
1.042033235581622669e-01 5.000000000000000278e-02
1.043988269794721424e-01 5.000000000000000278e-02
1.045943304007820179e-01 5.000000000000000278e-02
1.047898338220918935e-01 5.000000000000000278e-02
1.049853372434017551e-01 5.000000000000000278e-02
1.051808406647116306e-01 5.000000000000000278e-02
1.053763440860215062e-01 5.000000000000000278e-02
1.055718475073313817e-01 5.000000000000000278e-02
1.057673509286412572e-01 5.000000000000000278e-02
1.059628543499511188e-01 5.000000000000000278e-02
1.061583577712609944e-01 5.000000000000000278e-02
1.063538611925708699e-01 5.000000000000000278e-02
1.065493646138807454e-01 5.000000000000000278e-02
1.067448680351906209e-01 5.000000000000000278e-02
1.069403714565004826e-01 5.000000000000000278e-02
1.071358748778103581e-01 5.000000000000000278e-02
1.073313782991202336e-01 5.000000000000000278e-02
1.075268817204301092e-01 5.000000000000000278e-02
1.077223851417399847e-01 5.000000000000000278e-02
1.079178885630498463e-01 5.000000000000000278e-02
1.081133919843597219e-01 5.000000000000000278e-02
1.083088954056695974e-01 5.000000000000000278e-02
1.085043988269794729e-01 5.000000000000000278e-02
1.086999022482893484e-01 5.000000000000000278e-02
1.088954056695992240e-01 5.000000000000000278e-02
1.090909090909090856e-01 5.000000000000000278e-02
1.092864125122189611e-01 5.000000000000000278e-02
1.094819159335288367e-01 5.000000000000000278e-02
1.096774193548387122e-01 5.000000000000000278e-02
1.098729227761485877e-01 5.000000000000000278e-02
1.100684261974584494e-01 5.000000000000000278e-02
1.102639296187683249e-01 5.000000000000000278e-02
1.104594330400782004e-01 5.000000000000000278e-02
1.106549364613880759e-01 5.000000000000000278e-02
1.108504398826979515e-01 5.000000000000000278e-02
1.110459433040078270e-01 5.000000000000000278e-02
1.112414467253176886e-01 5.000000000000000278e-02
1.114369501466275642e-01 5.000000000000000278e-02
1.116324535679374397e-01 5.000000000000000278e-02
1.118279569892473152e-01 5.000000000000000278e-02
1.120234604105571907e-01 5.000000000000000278e-02
1.122189638318670524e-01 5.000000000000000278e-02
1.124144672531769279e-01 5.000000000000000278e-02
1.126099706744868034e-01 5.000000000000000278e-02
1.128054740957966789e-01 5.000000000000000278e-02
1.130009775171065545e-01 5.000000000000000278e-02
1.131964809384164161e-01 5.000000000000000278e-02
1.133919843597262916e-01 5.000000000000000278e-02
1.135874877810361672e-01 5.000000000000000278e-02
1.137829912023460427e-01 5.000000000000000278e-02
1.139784946236559182e-01 5.000000000000000278e-02
1.141739980449657799e-01 5.000000000000000278e-02
1.143695014662756554e-01 5.000000000000000278e-02
1.145650048875855309e-01 5.000000000000000278e-02
1.147605083088954064e-01 5.000000000000000278e-02
1.149560117302052820e-01 5.000000000000000278e-02
1.151515151515151575e-01 5.000000000000000278e-02
1.153470185728250191e-01 5.000000000000000278e-02
1.155425219941348947e-01 5.000000000000000278e-02
1.157380254154447702e-01 5.000000000000000278e-02
1.159335288367546457e-01 5.000000000000000278e-02
1.161290322580645212e-01 5.000000000000000278e-02
1.163245356793743829e-01 5.000000000000000278e-02
1.165200391006842584e-01 5.000000000000000278e-02
1.167155425219941339e-01 5.000000000000000278e-02
1.169110459433040095e-01 5.000000000000000278e-02
1.171065493646138850e-01 5.000000000000000278e-02
1.173020527859237605e-01 5.000000000000000278e-02
1.174975562072336221e-01 5.000000000000000278e-02
1.176930596285434977e-01 5.000000000000000278e-02
1.178885630498533732e-01 5.000000000000000278e-02
1.180840664711632487e-01 5.000000000000000278e-02
1.182795698924731242e-01 5.000000000000000278e-02
1.184750733137829859e-01 5.000000000000000278e-02
1.186705767350928614e-01 5.000000000000000278e-02
1.188660801564027369e-01 5.000000000000000278e-02
1.190615835777126125e-01 5.000000000000000278e-02
1.192570869990224880e-01 5.000000000000000278e-02
1.194525904203323496e-01 5.000000000000000278e-02
1.196480938416422252e-01 5.000000000000000278e-02
1.198435972629521007e-01 5.000000000000000278e-02
1.200391006842619762e-01 5.000000000000000278e-02
1.202346041055718517e-01 5.000000000000000278e-02
1.204301075268817134e-01 5.000000000000000278e-02
1.206256109481915889e-01 5.000000000000000278e-02
1.208211143695014644e-01 5.000000000000000278e-02
1.210166177908113400e-01 5.000000000000000278e-02
1.212121212121212155e-01 5.000000000000000278e-02
1.214076246334310910e-01 5.000000000000000278e-02
1.216031280547409527e-01 5.000000000000000278e-02
1.217986314760508282e-01 5.000000000000000278e-02
1.219941348973607037e-01 5.000000000000000278e-02
1.221896383186705792e-01 5.000000000000000278e-02
1.223851417399804548e-01 5.000000000000000278e-02
1.225806451612903164e-01 5.000000000000000278e-02
1.227761485826001919e-01 5.000000000000000278e-02
1.229716520039100675e-01 5.000000000000000278e-02
1.231671554252199430e-01 5.000000000000000278e-02
1.233626588465298185e-01 5.000000000000000278e-02
1.235581622678396940e-01 5.000000000000000278e-02
1.237536656891495557e-01 5.000000000000000278e-02
1.239491691104594312e-01 5.000000000000000278e-02
1.241446725317693067e-01 5.000000000000000278e-02
1.243401759530791822e-01 5.000000000000000278e-02
1.245356793743890578e-01 5.000000000000000278e-02
1.247311827956989194e-01 5.000000000000000278e-02
1.249266862170087949e-01 5.000000000000000278e-02
1.251221896383186705e-01 5.000000000000000278e-02
1.253176930596285321e-01 5.000000000000000278e-02
1.255131964809384215e-01 5.000000000000000278e-02
1.257086999022482832e-01 5.000000000000000278e-02
1.259042033235581726e-01 5.000000000000000278e-02
1.260997067448680342e-01 5.000000000000000278e-02
1.262952101661778959e-01 5.000000000000000278e-02
1.264907135874877853e-01 5.000000000000000278e-02
1.266862170087976469e-01 5.000000000000000278e-02
1.268817204301075363e-01 5.000000000000000278e-02
1.270772238514173980e-01 5.000000000000000278e-02
1.272727272727272596e-01 5.000000000000000278e-02
1.274682306940371490e-01 5.000000000000000278e-02
1.276637341153470107e-01 5.000000000000000278e-02
1.278592375366569001e-01 5.000000000000000278e-02
1.280547409579667617e-01 5.000000000000000278e-02
1.282502443792766234e-01 5.000000000000000278e-02
1.284457478005865128e-01 5.000000000000000278e-02
1.286412512218963744e-01 5.000000000000000278e-02
1.288367546432062638e-01 5.000000000000000278e-02
1.290322580645161255e-01 5.000000000000000278e-02
1.292277614858260149e-01 5.000000000000000278e-02
1.294232649071358765e-01 5.000000000000000278e-02
1.296187683284457381e-01 5.000000000000000278e-02
1.298142717497556275e-01 5.000000000000000278e-02
1.300097751710654892e-01 5.000000000000000278e-02
1.302052785923753786e-01 5.000000000000000278e-02
1.304007820136852402e-01 5.000000000000000278e-02
1.305962854349951019e-01 5.000000000000000278e-02
1.307917888563049913e-01 5.000000000000000278e-02
1.309872922776148529e-01 5.000000000000000278e-02
1.311827956989247423e-01 5.000000000000000278e-02
1.313782991202346040e-01 5.000000000000000278e-02
1.315738025415444656e-01 5.000000000000000278e-02
1.317693059628543550e-01 5.000000000000000278e-02
1.319648093841642167e-01 5.000000000000000278e-02
1.321603128054741061e-01 5.000000000000000278e-02
1.323558162267839677e-01 5.000000000000000278e-02
1.325513196480938294e-01 5.000000000000000278e-02
1.327468230694037188e-01 5.000000000000000278e-02
1.329423264907135804e-01 5.000000000000000278e-02
1.331378299120234698e-01 5.000000000000000278e-02
1.333333333333333315e-01 5.000000000000000278e-02
1.335288367546431931e-01 5.000000000000000278e-02
1.337243401759530825e-01 5.000000000000000278e-02
1.339198435972629442e-01 5.000000000000000278e-02
1.341153470185728336e-01 5.000000000000000278e-02
1.343108504398826952e-01 5.000000000000000278e-02
1.345063538611925846e-01 5.000000000000000278e-02
1.347018572825024463e-01 5.000000000000000278e-02
1.348973607038123079e-01 5.000000000000000278e-02
1.350928641251221973e-01 5.000000000000000278e-02
1.352883675464320590e-01 5.000000000000000278e-02
1.354838709677419484e-01 5.000000000000000278e-02
1.356793743890518100e-01 5.000000000000000278e-02
1.358748778103616717e-01 5.000000000000000278e-02
1.360703812316715611e-01 5.000000000000000278e-02
1.362658846529814227e-01 5.000000000000000278e-02
1.364613880742913121e-01 5.000000000000000278e-02
1.366568914956011738e-01 5.000000000000000278e-02
1.368523949169110354e-01 5.000000000000000278e-02
1.370478983382209248e-01 5.000000000000000278e-02
1.372434017595307865e-01 5.000000000000000278e-02
1.374389051808406759e-01 5.000000000000000278e-02
1.376344086021505375e-01 5.000000000000000278e-02
1.378299120234603992e-01 5.000000000000000278e-02
1.380254154447702886e-01 5.000000000000000278e-02
1.382209188660801502e-01 5.000000000000000278e-02
1.384164222873900396e-01 5.000000000000000278e-02
1.386119257086999013e-01 5.000000000000000278e-02
1.388074291300097629e-01 5.000000000000000278e-02
1.390029325513196523e-01 5.000000000000000278e-02
1.391984359726295140e-01 5.000000000000000278e-02
1.393939393939394034e-01 5.000000000000000278e-02
1.395894428152492650e-01 5.000000000000000278e-02
1.397849462365591267e-01 5.000000000000000278e-02
1.399804496578690161e-01 5.000000000000000278e-02
1.401759530791788777e-01 5.000000000000000278e-02
1.403714565004887671e-01 5.000000000000000278e-02
1.405669599217986288e-01 5.000000000000000278e-02
1.407624633431084904e-01 5.000000000000000278e-02
1.409579667644183798e-01 5.000000000000000278e-02
1.411534701857282414e-01 5.000000000000000278e-02
1.413489736070381309e-01 5.000000000000000278e-02
1.415444770283479925e-01 5.000000000000000278e-02
1.417399804496578819e-01 5.000000000000000278e-02
1.419354838709677435e-01 5.000000000000000278e-02
1.421309872922776052e-01 5.000000000000000278e-02
1.423264907135874946e-01 5.000000000000000278e-02
1.425219941348973562e-01 5.000000000000000278e-02
1.427174975562072456e-01 5.000000000000000278e-02
1.429130009775171073e-01 5.000000000000000278e-02
1.431085043988269689e-01 5.000000000000000278e-02
1.433040078201368583e-01 5.000000000000000278e-02
1.434995112414467200e-01 5.000000000000000278e-02
1.436950146627566094e-01 5.000000000000000278e-02
1.438905180840664710e-01 5.000000000000000278e-02
1.440860215053763327e-01 5.000000000000000278e-02
1.442815249266862221e-01 5.000000000000000278e-02
1.444770283479960837e-01 5.000000000000000278e-02
1.446725317693059731e-01 5.000000000000000278e-02
1.448680351906158348e-01 5.000000000000000278e-02
1.450635386119256964e-01 5.000000000000000278e-02
1.452590420332355858e-01 5.000000000000000278e-02
1.454545454545454475e-01 5.000000000000000278e-02
1.456500488758553369e-01 5.000000000000000278e-02
1.458455522971651985e-01 5.000000000000000278e-02
1.460410557184750602e-01 5.000000000000000278e-02
1.462365591397849496e-01 5.000000000000000278e-02
1.464320625610948112e-01 5.000000000000000278e-02
1.466275659824047006e-01 5.000000000000000278e-02
1.468230694037145623e-01 5.000000000000000278e-02
1.470185728250244517e-01 5.000000000000000278e-02
1.472140762463343133e-01 5.000000000000000278e-02
1.474095796676441750e-01 5.000000000000000278e-02
1.476050830889540644e-01 5.000000000000000278e-02
1.478005865102639260e-01 5.000000000000000278e-02
1.479960899315738154e-01 5.000000000000000278e-02
1.481915933528836771e-01 5.000000000000000278e-02
1.483870967741935387e-01 5.000000000000000278e-02
1.485826001955034281e-01 5.000000000000000278e-02
1.487781036168132898e-01 5.000000000000000278e-02
1.489736070381231792e-01 5.000000000000000278e-02
1.491691104594330408e-01 5.000000000000000278e-02
1.493646138807429025e-01 5.000000000000000278e-02
1.495601173020527919e-01 5.000000000000000278e-02
1.497556207233626535e-01 5.000000000000000278e-02
1.499511241446725429e-01 5.000000000000000278e-02
1.501466275659824046e-01 5.000000000000000278e-02
1.503421309872922662e-01 5.000000000000000278e-02
1.505376344086021556e-01 5.000000000000000278e-02
1.507331378299120173e-01 5.000000000000000278e-02
1.509286412512219067e-01 5.000000000000000278e-02
1.511241446725317683e-01 5.000000000000000278e-02
1.513196480938416300e-01 5.000000000000000278e-02
1.515151515151515194e-01 5.000000000000000278e-02
1.517106549364613810e-01 5.000000000000000278e-02
1.519061583577712704e-01 5.000000000000000278e-02
1.521016617790811321e-01 5.000000000000000278e-02
1.522971652003909937e-01 5.000000000000000278e-02
1.524926686217008831e-01 5.000000000000000278e-02
1.526881720430107447e-01 5.000000000000000278e-02
1.528836754643206342e-01 5.000000000000000278e-02
1.530791788856304958e-01 5.000000000000000278e-02
1.532746823069403574e-01 5.000000000000000278e-02
1.534701857282502468e-01 5.000000000000000278e-02
1.536656891495601085e-01 5.000000000000000278e-02
1.538611925708699979e-01 5.000000000000000278e-02
1.540566959921798595e-01 5.000000000000000278e-02
1.542521994134897489e-01 5.000000000000000278e-02
1.544477028347996106e-01 5.000000000000000278e-02
1.546432062561094722e-01 5.000000000000000278e-02
1.548387096774193616e-01 5.000000000000000278e-02
1.550342130987292233e-01 5.000000000000000278e-02
1.552297165200391127e-01 5.000000000000000278e-02
1.554252199413489743e-01 5.000000000000000278e-02
1.556207233626588360e-01 5.000000000000000278e-02
1.558162267839687254e-01 5.000000000000000278e-02
1.560117302052785870e-01 5.000000000000000278e-02
1.562072336265884764e-01 5.000000000000000278e-02
1.564027370478983381e-01 5.000000000000000278e-02
1.565982404692081997e-01 5.000000000000000278e-02
1.567937438905180891e-01 5.000000000000000278e-02
1.569892473118279508e-01 5.000000000000000278e-02
1.571847507331378402e-01 5.000000000000000278e-02
1.573802541544477018e-01 5.000000000000000278e-02
1.575757575757575635e-01 5.000000000000000278e-02
1.577712609970674529e-01 5.000000000000000278e-02
1.579667644183773145e-01 5.000000000000000278e-02
1.581622678396872039e-01 5.000000000000000278e-02
1.583577712609970656e-01 5.000000000000000278e-02
1.585532746823069272e-01 5.000000000000000278e-02
1.587487781036168166e-01 5.000000000000000278e-02
1.589442815249266783e-01 5.000000000000000278e-02
1.591397849462365677e-01 5.000000000000000278e-02
1.593352883675464293e-01 5.000000000000000278e-02
1.595307917888563187e-01 5.000000000000000278e-02
1.597262952101661804e-01 5.000000000000000278e-02
1.599217986314760420e-01 5.000000000000000278e-02
1.601173020527859314e-01 5.000000000000000278e-02
1.603128054740957931e-01 5.000000000000000278e-02
1.605083088954056825e-01 5.000000000000000278e-02
1.607038123167155441e-01 5.000000000000000278e-02
1.608993157380254058e-01 5.000000000000000278e-02
1.610948191593352952e-01 5.000000000000000278e-02
1.612903225806451568e-01 5.000000000000000278e-02
1.614858260019550462e-01 5.000000000000000278e-02
1.616813294232649079e-01 5.000000000000000278e-02
1.618768328445747695e-01 5.000000000000000278e-02
1.620723362658846589e-01 5.000000000000000278e-02
1.622678396871945206e-01 5.000000000000000278e-02
1.624633431085044100e-01 5.000000000000000278e-02
1.626588465298142716e-01 5.000000000000000278e-02
1.628543499511241333e-01 5.000000000000000278e-02
1.630498533724340227e-01 5.000000000000000278e-02
1.632453567937438843e-01 5.000000000000000278e-02
1.634408602150537737e-01 5.000000000000000278e-02
1.636363636363636354e-01 5.000000000000000278e-02
1.638318670576734970e-01 5.000000000000000278e-02
1.640273704789833864e-01 5.000000000000000278e-02
1.642228739002932481e-01 5.000000000000000278e-02
1.644183773216031375e-01 5.000000000000000278e-02
1.646138807429129991e-01 5.000000000000000278e-02
1.648093841642228607e-01 5.000000000000000278e-02
1.650048875855327501e-01 5.000000000000000278e-02
1.652003910068426118e-01 5.000000000000000278e-02
1.653958944281525012e-01 5.000000000000000278e-02
1.655913978494623628e-01 5.000000000000000278e-02
1.657869012707722245e-01 5.000000000000000278e-02
1.659824046920821139e-01 5.000000000000000278e-02
1.661779081133919755e-01 5.000000000000000278e-02
1.663734115347018649e-01 5.000000000000000278e-02
1.665689149560117266e-01 5.000000000000000278e-02
1.667644183773216160e-01 5.000000000000000278e-02
1.669599217986314776e-01 5.000000000000000278e-02
1.671554252199413393e-01 5.000000000000000278e-02
1.673509286412512287e-01 5.000000000000000278e-02
1.675464320625610903e-01 5.000000000000000278e-02
1.677419354838709797e-01 5.000000000000000278e-02
1.679374389051808414e-01 5.000000000000000278e-02
1.681329423264907030e-01 5.000000000000000278e-02
1.683284457478005924e-01 5.000000000000000278e-02
1.685239491691104541e-01 5.000000000000000278e-02
1.687194525904203435e-01 5.000000000000000278e-02
1.689149560117302051e-01 5.000000000000000278e-02
1.691104594330400668e-01 5.000000000000000278e-02
1.693059628543499562e-01 5.000000000000000278e-02
1.695014662756598178e-01 5.000000000000000278e-02
1.696969696969697072e-01 5.000000000000000278e-02
1.698924731182795689e-01 5.000000000000000278e-02
1.700879765395894305e-01 5.000000000000000278e-02
1.702834799608993199e-01 5.000000000000000278e-02
1.704789833822091816e-01 5.000000000000000278e-02
1.706744868035190710e-01 5.000000000000000278e-02
1.708699902248289326e-01 5.000000000000000278e-02
1.710654936461387943e-01 5.000000000000000278e-02
1.712609970674486837e-01 5.000000000000000278e-02
1.714565004887585453e-01 5.000000000000000278e-02
1.716520039100684347e-01 5.000000000000000278e-02
1.718475073313782964e-01 5.000000000000000278e-02
1.720430107526881858e-01 5.000000000000000278e-02
1.722385141739980474e-01 5.000000000000000278e-02
1.724340175953079091e-01 5.000000000000000278e-02
1.726295210166177985e-01 5.000000000000000278e-02
1.728250244379276601e-01 5.000000000000000278e-02
1.730205278592375495e-01 5.000000000000000278e-02
1.732160312805474112e-01 5.000000000000000278e-02
1.734115347018572728e-01 5.000000000000000278e-02
1.736070381231671622e-01 5.000000000000000278e-02
1.738025415444770239e-01 5.000000000000000278e-02
1.739980449657869133e-01 5.000000000000000278e-02
1.741935483870967749e-01 5.000000000000000278e-02
1.743890518084066366e-01 5.000000000000000278e-02
1.745845552297165260e-01 5.000000000000000278e-02
1.747800586510263876e-01 5.000000000000000278e-02
1.749755620723362770e-01 5.000000000000000278e-02
1.751710654936461387e-01 5.000000000000000278e-02
1.753665689149560003e-01 5.000000000000000278e-02
1.755620723362658897e-01 5.000000000000000278e-02
1.757575757575757514e-01 5.000000000000000278e-02
1.759530791788856408e-01 5.000000000000000278e-02
1.761485826001955024e-01 5.000000000000000278e-02
1.763440860215053640e-01 5.000000000000000278e-02
1.765395894428152535e-01 5.000000000000000278e-02
1.767350928641251151e-01 5.000000000000000278e-02
1.769305962854350045e-01 5.000000000000000278e-02
1.771260997067448661e-01 5.000000000000000278e-02
1.773216031280547278e-01 5.000000000000000278e-02
1.775171065493646172e-01 5.000000000000000278e-02
1.777126099706744788e-01 5.000000000000000278e-02
1.779081133919843682e-01 5.000000000000000278e-02
1.781036168132942299e-01 5.000000000000000278e-02
1.782991202346040915e-01 5.000000000000000278e-02
1.784946236559139809e-01 5.000000000000000278e-02
1.786901270772238426e-01 5.000000000000000278e-02
1.788856304985337320e-01 5.000000000000000278e-02
1.790811339198435936e-01 5.000000000000000278e-02
1.792766373411534830e-01 5.000000000000000278e-02
1.794721407624633447e-01 5.000000000000000278e-02
1.796676441837732063e-01 5.000000000000000278e-02
1.798631476050830957e-01 5.000000000000000278e-02
1.800586510263929574e-01 5.000000000000000278e-02
1.802541544477028468e-01 5.000000000000000278e-02
1.804496578690127084e-01 5.000000000000000278e-02
1.806451612903225701e-01 5.000000000000000278e-02
1.808406647116324595e-01 5.000000000000000278e-02
1.810361681329423211e-01 5.000000000000000278e-02
1.812316715542522105e-01 5.000000000000000278e-02
1.814271749755620722e-01 5.000000000000000278e-02
1.816226783968719338e-01 5.000000000000000278e-02
1.818181818181818232e-01 5.000000000000000278e-02
1.820136852394916849e-01 5.000000000000000278e-02
1.822091886608015743e-01 5.000000000000000278e-02
1.824046920821114359e-01 5.000000000000000278e-02
1.826001955034212976e-01 5.000000000000000278e-02
1.827956989247311870e-01 5.000000000000000278e-02
1.829912023460410486e-01 5.000000000000000278e-02
1.831867057673509380e-01 5.000000000000000278e-02
1.833822091886607997e-01 5.000000000000000278e-02
1.835777126099706613e-01 5.000000000000000278e-02
1.837732160312805507e-01 5.000000000000000278e-02
1.839687194525904124e-01 5.000000000000000278e-02
1.841642228739003018e-01 5.000000000000000278e-02
1.843597262952101634e-01 5.000000000000000278e-02
1.845552297165200528e-01 5.000000000000000278e-02
1.847507331378299145e-01 5.000000000000000278e-02
1.849462365591397761e-01 5.000000000000000278e-02
1.851417399804496655e-01 5.000000000000000278e-02
1.853372434017595272e-01 5.000000000000000278e-02
1.855327468230694166e-01 5.000000000000000278e-02
1.857282502443792782e-01 5.000000000000000278e-02
1.859237536656891399e-01 5.000000000000000278e-02
1.861192570869990293e-01 5.000000000000000278e-02
1.863147605083088909e-01 5.000000000000000278e-02
1.865102639296187803e-01 5.000000000000000278e-02
1.867057673509286420e-01 5.000000000000000278e-02
1.869012707722385036e-01 5.000000000000000278e-02
1.870967741935483930e-01 5.000000000000000278e-02
1.872922776148582547e-01 5.000000000000000278e-02
1.874877810361681441e-01 5.000000000000000278e-02
1.876832844574780057e-01 5.000000000000000278e-02
1.878787878787878673e-01 5.000000000000000278e-02
1.880742913000977568e-01 5.000000000000000278e-02
1.882697947214076184e-01 5.000000000000000278e-02
1.884652981427175078e-01 5.000000000000000278e-02
1.886608015640273694e-01 5.000000000000000278e-02
1.888563049853372311e-01 5.000000000000000278e-02
1.890518084066471205e-01 5.000000000000000278e-02
1.892473118279569821e-01 5.000000000000000278e-02
1.894428152492668715e-01 5.000000000000000278e-02
1.896383186705767332e-01 5.000000000000000278e-02
1.898338220918865948e-01 5.000000000000000278e-02
1.900293255131964842e-01 5.000000000000000278e-02
1.902248289345063459e-01 5.000000000000000278e-02
1.904203323558162353e-01 5.000000000000000278e-02
1.906158357771260969e-01 5.000000000000000278e-02
1.908113391984359586e-01 5.000000000000000278e-02
1.910068426197458480e-01 5.000000000000000278e-02
1.912023460410557096e-01 5.000000000000000278e-02
1.913978494623655990e-01 5.000000000000000278e-02
1.915933528836754607e-01 5.000000000000000278e-02
1.917888563049853501e-01 5.000000000000000278e-02
1.919843597262952117e-01 5.000000000000000278e-02
1.921798631476050734e-01 5.000000000000000278e-02
1.923753665689149628e-01 5.000000000000000278e-02
1.925708699902248244e-01 5.000000000000000278e-02
1.927663734115347138e-01 5.000000000000000278e-02
1.929618768328445755e-01 5.000000000000000278e-02
1.931573802541544371e-01 5.000000000000000278e-02
1.933528836754643265e-01 5.000000000000000278e-02
1.935483870967741882e-01 5.000000000000000278e-02
1.937438905180840776e-01 5.000000000000000278e-02
1.939393939393939392e-01 5.000000000000000278e-02
1.941348973607038009e-01 5.000000000000000278e-02
1.943304007820136903e-01 5.000000000000000278e-02
1.945259042033235519e-01 5.000000000000000278e-02
1.947214076246334413e-01 5.000000000000000278e-02
1.949169110459433030e-01 5.000000000000000278e-02
1.951124144672531646e-01 5.000000000000000278e-02
1.953079178885630540e-01 5.000000000000000278e-02
1.955034213098729157e-01 5.000000000000000278e-02
1.956989247311828051e-01 5.000000000000000278e-02
1.958944281524926667e-01 5.000000000000000278e-02
1.960899315738025284e-01 5.000000000000000278e-02
1.962854349951124178e-01 5.000000000000000278e-02
1.964809384164222794e-01 5.000000000000000278e-02
1.966764418377321688e-01 5.000000000000000278e-02
1.968719452590420305e-01 5.000000000000000278e-02
1.970674486803519199e-01 5.000000000000000278e-02
1.972629521016617815e-01 5.000000000000000278e-02
1.974584555229716432e-01 5.000000000000000278e-02
1.976539589442815326e-01 5.000000000000000278e-02
1.978494623655913942e-01 5.000000000000000278e-02
1.980449657869012836e-01 5.000000000000000278e-02
1.982404692082111453e-01 5.000000000000000278e-02
1.984359726295210069e-01 5.000000000000000278e-02
1.986314760508308963e-01 5.000000000000000278e-02
1.988269794721407580e-01 5.000000000000000278e-02
1.990224828934506474e-01 5.000000000000000278e-02
1.992179863147605090e-01 5.000000000000000278e-02
1.994134897360703707e-01 5.000000000000000278e-02
1.996089931573802601e-01 5.000000000000000278e-02
1.998044965786901217e-01 5.000000000000000278e-02
2.000000000000000111e-01 5.000000000000000278e-02
