0.000000000000000000e+00 1.000000000000000056e-01
1.955034213098729226e-04 9.980449657869013003e-02
3.910068426197458452e-04 9.960899315738025450e-02
5.865102639296187678e-04 9.941348973607039285e-02
7.820136852394916904e-04 9.921798631476051733e-02
9.775171065493646130e-04 9.902248289345064181e-02
1.173020527859237536e-03 9.882697947214076628e-02
1.368523949169110458e-03 9.863147605083089076e-02
1.564027370478983381e-03 9.843597262952102911e-02
1.759530791788856303e-03 9.824046920821115358e-02
1.955034213098729226e-03 9.804496578690127806e-02
2.150537634408602149e-03 9.784946236559140254e-02
2.346041055718475071e-03 9.765395894428152701e-02
2.541544477028347994e-03 9.745845552297165149e-02
2.737047898338220916e-03 9.726295210166178984e-02
2.932551319648093839e-03 9.706744868035191431e-02
3.128054740957966762e-03 9.687194525904203879e-02
3.323558162267839684e-03 9.667644183773216326e-02
3.519061583577712607e-03 9.648093841642228774e-02
3.714565004887585530e-03 9.628543499511242609e-02
3.910068426197458452e-03 9.608993157380255057e-02
4.105571847507331375e-03 9.589442815249267504e-02
4.301075268817204297e-03 9.569892473118279952e-02
4.496578690127077220e-03 9.550342130987292399e-02
4.692082111436950143e-03 9.530791788856304847e-02
4.887585532746823065e-03 9.511241446725318682e-02
5.083088954056695988e-03 9.491691104594331130e-02
5.278592375366568910e-03 9.472140762463343577e-02
5.474095796676441833e-03 9.452590420332356025e-02
5.669599217986314756e-03 9.433040078201368472e-02
5.865102639296187678e-03 9.413489736070382308e-02
6.060606060606060601e-03 9.393939393939394755e-02
6.256109481915933523e-03 9.374389051808407203e-02
6.451612903225806446e-03 9.354838709677419650e-02
6.647116324535679369e-03 9.335288367546432098e-02
6.842619745845552291e-03 9.315738025415445933e-02
7.038123167155425214e-03 9.296187683284458381e-02
7.233626588465298136e-03 9.276637341153470828e-02
7.429130009775171059e-03 9.257086999022483276e-02
7.624633431085043982e-03 9.237536656891495723e-02
7.820136852394916904e-03 9.217986314760509559e-02
8.015640273704788960e-03 9.198435972629522006e-02
8.211143695014662749e-03 9.178885630498534454e-02
8.406647116324536539e-03 9.159335288367546901e-02
8.602150537634408595e-03 9.139784946236559349e-02
8.797653958944280650e-03 9.120234604105573184e-02
8.993157380254154440e-03 9.100684261974585632e-02
9.188660801564028230e-03 9.081133919843598079e-02
9.384164222873900285e-03 9.061583577712610527e-02
9.579667644183772340e-03 9.042033235581622974e-02
9.775171065493646130e-03 9.022482893450635422e-02
9.970674486803519920e-03 9.002932551319647869e-02
1.016617790811339198e-02 8.983382209188661705e-02
1.036168132942326403e-02 8.963831867057674152e-02
1.055718475073313782e-02 8.944281524926686600e-02
1.075268817204301161e-02 8.924731182795699047e-02
1.094819159335288367e-02 8.905180840664711495e-02
1.114369501466275572e-02 8.885630498533725330e-02
1.133919843597262951e-02 8.866080156402737777e-02
1.153470185728250330e-02 8.846529814271750225e-02
1.173020527859237536e-02 8.826979472140762673e-02
1.192570869990224741e-02 8.807429130009775120e-02
1.212121212121212120e-02 8.787878787878788955e-02
1.231671554252199499e-02 8.768328445747801403e-02
1.251221896383186705e-02 8.748778103616813850e-02
1.270772238514173910e-02 8.729227761485826298e-02
1.290322580645161289e-02 8.709677419354838745e-02
1.309872922776148668e-02 8.690127077223852581e-02
1.329423264907135874e-02 8.670576735092865028e-02
1.348973607038123079e-02 8.651026392961877476e-02
1.368523949169110458e-02 8.631476050830889923e-02
1.388074291300097837e-02 8.611925708699902371e-02
1.407624633431085043e-02 8.592375366568916206e-02
1.427174975562072248e-02 8.572825024437928654e-02
1.446725317693059627e-02 8.553274682306941101e-02
1.466275659824047006e-02 8.533724340175953549e-02
1.485826001955034212e-02 8.514173998044965996e-02
1.505376344086021417e-02 8.494623655913979832e-02
1.524926686217008796e-02 8.475073313782992279e-02
1.544477028347996175e-02 8.455522971652004727e-02
1.564027370478983381e-02 8.435972629521017174e-02
1.583577712609970586e-02 8.416422287390029622e-02
1.603128054740957792e-02 8.396871945259043457e-02
1.622678396871945344e-02 8.377321603128054517e-02
1.642228739002932550e-02 8.357771260997068352e-02
1.661779081133919755e-02 8.338220918866080800e-02
1.681329423264907308e-02 8.318670576735093247e-02
1.700879765395894513e-02 8.299120234604105695e-02
1.720430107526881719e-02 8.279569892473118142e-02
1.739980449657868924e-02 8.260019550342131978e-02
1.759530791788856130e-02 8.240469208211144425e-02
1.779081133919843682e-02 8.220918866080156873e-02
1.798631476050830888e-02 8.201368523949169320e-02
1.818181818181818094e-02 8.181818181818181768e-02
1.837732160312805646e-02 8.162267839687195603e-02
1.857282502443792851e-02 8.142717497556208051e-02
1.876832844574780057e-02 8.123167155425220498e-02
1.896383186705767263e-02 8.103616813294232946e-02
1.915933528836754468e-02 8.084066471163245393e-02
1.935483870967742021e-02 8.064516129032259228e-02
1.955034213098729226e-02 8.044965786901271676e-02
1.974584555229716432e-02 8.025415444770284124e-02
1.994134897360703984e-02 8.005865102639296571e-02
2.013685239491691190e-02 7.986314760508309019e-02
2.033235581622678395e-02 7.966764418377322854e-02
2.052785923753665601e-02 7.947214076246335301e-02
2.072336265884652806e-02 7.927663734115347749e-02
2.091886608015640359e-02 7.908113391984360196e-02
2.111436950146627564e-02 7.888563049853372644e-02
2.130987292277614770e-02 7.869012707722386479e-02
2.150537634408602322e-02 7.849462365591397539e-02
2.170087976539589528e-02 7.829912023460411374e-02
2.189638318670576733e-02 7.810361681329423822e-02
2.209188660801563939e-02 7.790811339198436269e-02
2.228739002932551144e-02 7.771260997067450105e-02
2.248289345063538697e-02 7.751710654936461165e-02
2.267839687194525902e-02 7.732160312805475000e-02
2.287390029325513108e-02 7.712609970674487447e-02
2.306940371456500660e-02 7.693059628543499895e-02
2.326490713587487866e-02 7.673509286412512342e-02
2.346041055718475071e-02 7.653958944281524790e-02
2.365591397849462277e-02 7.634408602150538625e-02
2.385141739980449482e-02 7.614858260019551073e-02
2.404692082111437035e-02 7.595307917888563520e-02
2.424242424242424240e-02 7.575757575757575968e-02
2.443792766373411446e-02 7.556207233626588415e-02
2.463343108504398998e-02 7.536656891495602251e-02
2.482893450635386204e-02 7.517106549364614698e-02
2.502443792766373409e-02 7.497556207233627146e-02
2.521994134897360615e-02 7.478005865102639593e-02
2.541544477028347820e-02 7.458455522971652041e-02
2.561094819159335373e-02 7.438905180840665876e-02
2.580645161290322578e-02 7.419354838709678324e-02
2.600195503421309784e-02 7.399804496578690771e-02
2.619745845552297336e-02 7.380254154447703219e-02
2.639296187683284542e-02 7.360703812316715666e-02
2.658846529814271747e-02 7.341153470185729502e-02
2.678396871945258953e-02 7.321603128054741949e-02
2.697947214076246158e-02 7.302052785923754397e-02
2.717497556207233711e-02 7.282502443792766844e-02
2.737047898338220916e-02 7.262952101661779292e-02
2.756598240469208122e-02 7.243401759530793127e-02
2.776148582600195674e-02 7.223851417399804187e-02
2.795698924731182880e-02 7.204301075268818022e-02
2.815249266862170086e-02 7.184750733137830470e-02
2.834799608993157291e-02 7.165200391006842917e-02
2.854349951124144497e-02 7.145650048875856752e-02
2.873900293255132049e-02 7.126099706744867812e-02
2.893450635386119255e-02 7.106549364613881647e-02
2.913000977517106460e-02 7.086999022482894095e-02
2.932551319648094013e-02 7.067448680351906543e-02
2.952101661779081218e-02 7.047898338220918990e-02
2.971652003910068424e-02 7.028347996089931438e-02
2.991202346041055629e-02 7.008797653958945273e-02
3.010752688172042835e-02 6.989247311827957720e-02
3.030303030303030387e-02 6.969696969696970168e-02
3.049853372434017593e-02 6.950146627565982616e-02
3.069403714565004798e-02 6.930596285434995063e-02
3.088954056695992351e-02 6.911045943304008898e-02
3.108504398826979556e-02 6.891495601173021346e-02
3.128054740957966762e-02 6.871945259042033793e-02
3.147605083088954314e-02 6.852394916911046241e-02
3.167155425219941173e-02 6.832844574780058688e-02
3.186705767350928725e-02 6.813294232649072524e-02
3.206256109481915584e-02 6.793743890518084971e-02
3.225806451612903136e-02 6.774193548387097419e-02
3.245356793743890689e-02 6.754643206256109866e-02
3.264907135874877547e-02 6.735092864125122314e-02
3.284457478005865100e-02 6.715542521994136149e-02
3.304007820136852652e-02 6.695992179863147209e-02
3.323558162267839511e-02 6.676441837732161044e-02
3.343108504398827063e-02 6.656891495601173492e-02
3.362658846529814616e-02 6.637341153470185939e-02
3.382209188660801474e-02 6.617790811339199775e-02
3.401759530791789027e-02 6.598240469208210834e-02
3.421309872922775885e-02 6.578690127077224670e-02
3.440860215053763438e-02 6.559139784946237117e-02
3.460410557184750990e-02 6.539589442815249565e-02
3.479960899315737849e-02 6.520039100684263400e-02
3.499511241446725401e-02 6.500488758553274460e-02
3.519061583577712260e-02 6.480938416422288295e-02
3.538611925708699812e-02 6.461388074291300743e-02
3.558162267839687365e-02 6.441837732160313190e-02
3.577712609970674223e-02 6.422287390029327026e-02
3.597262952101661776e-02 6.402737047898338085e-02
3.616813294232649328e-02 6.383186705767351921e-02
3.636363636363636187e-02 6.363636363636364368e-02
3.655913978494623739e-02 6.344086021505376816e-02
3.675464320625611292e-02 6.324535679374389263e-02
3.695014662756598151e-02 6.304985337243401711e-02
3.714565004887585703e-02 6.285434995112415546e-02
3.734115347018572562e-02 6.265884652981427994e-02
3.753665689149560114e-02 6.246334310850440441e-02
3.773216031280547667e-02 6.226783968719452889e-02
3.792766373411534525e-02 6.207233626588466030e-02
3.812316715542522078e-02 6.187683284457478478e-02
3.831867057673508936e-02 6.168132942326491619e-02
3.851417399804496489e-02 6.148582600195504066e-02
3.870967741935484041e-02 6.129032258064516514e-02
3.890518084066470900e-02 6.109481915933529655e-02
3.910068426197458452e-02 6.089931573802542103e-02
3.929618768328446005e-02 6.070381231671554551e-02
3.949169110459432863e-02 6.050830889540567692e-02
3.968719452590420416e-02 6.031280547409580139e-02
3.988269794721407968e-02 6.011730205278592587e-02
4.007820136852394827e-02 5.992179863147605728e-02
4.027370478983382379e-02 5.972629521016618176e-02
4.046920821114369238e-02 5.953079178885631317e-02
4.066471163245356790e-02 5.933528836754643765e-02
4.086021505376344343e-02 5.913978494623656212e-02
4.105571847507331201e-02 5.894428152492669354e-02
4.125122189638318754e-02 5.874877810361681801e-02
4.144672531769305612e-02 5.855327468230694943e-02
4.164222873900293165e-02 5.835777126099707390e-02
4.183773216031280717e-02 5.816226783968719838e-02
4.203323558162267576e-02 5.796676441837732979e-02
4.222873900293255128e-02 5.777126099706745427e-02
4.242424242424242681e-02 5.757575757575757874e-02
4.261974584555229539e-02 5.738025415444771016e-02
4.281524926686217092e-02 5.718475073313783463e-02
4.301075268817204644e-02 5.698924731182795911e-02
4.320625610948191503e-02 5.679374389051809052e-02
4.340175953079179055e-02 5.659824046920821500e-02
4.359726295210165914e-02 5.640273704789834641e-02
4.379276637341153466e-02 5.620723362658847089e-02
4.398826979472141019e-02 5.601173020527859536e-02
4.418377321603127877e-02 5.581622678396872678e-02
4.437927663734115430e-02 5.562072336265885125e-02
4.457478005865102288e-02 5.542521994134898267e-02
4.477028347996089841e-02 5.522971652003910714e-02
4.496578690127077393e-02 5.503421309872923162e-02
4.516129032258064252e-02 5.483870967741936303e-02
4.535679374389051804e-02 5.464320625610948751e-02
4.555229716520039357e-02 5.444770283479961198e-02
4.574780058651026216e-02 5.425219941348974340e-02
4.594330400782013768e-02 5.405669599217986787e-02
4.613880742913001320e-02 5.386119257086999235e-02
4.633431085043988179e-02 5.366568914956012376e-02
4.652981427174975732e-02 5.347018572825024824e-02
4.672531769305962590e-02 5.327468230694037965e-02
4.692082111436950143e-02 5.307917888563050413e-02
4.711632453567937695e-02 5.288367546432062860e-02
4.731182795698924554e-02 5.268817204301076002e-02
4.750733137829912106e-02 5.249266862170088449e-02
4.770283479960898965e-02 5.229716520039101590e-02
4.789833822091886517e-02 5.210166177908114038e-02
4.809384164222874070e-02 5.190615835777126486e-02
4.828934506353860928e-02 5.171065493646139627e-02
4.848484848484848481e-02 5.151515151515152074e-02
4.868035190615836033e-02 5.131964809384164522e-02
4.887585532746822892e-02 5.112414467253177663e-02
4.907135874877810444e-02 5.092864125122190111e-02
4.926686217008797997e-02 5.073313782991202558e-02
4.946236559139784855e-02 5.053763440860215700e-02
4.965786901270772408e-02 5.034213098729228147e-02
4.985337243401759266e-02 5.014662756598241289e-02
5.004887585532746819e-02 4.995112414467253736e-02
5.024437927663734371e-02 4.975562072336266184e-02
5.043988269794721230e-02 4.956011730205279325e-02
5.063538611925708782e-02 4.936461388074291773e-02
5.083088954056695641e-02 4.916911045943304914e-02
5.102639296187683193e-02 4.897360703812317362e-02
5.122189638318670746e-02 4.877810361681329809e-02
5.141739980449657604e-02 4.858260019550342951e-02
5.161290322580645157e-02 4.838709677419355398e-02
5.180840664711632709e-02 4.819159335288367846e-02
5.200391006842619568e-02 4.799608993157380987e-02
5.219941348973607120e-02 4.780058651026393435e-02
5.239491691104594673e-02 4.760508308895405882e-02
5.259042033235581531e-02 4.740957966764419024e-02
5.278592375366569084e-02 4.721407624633431471e-02
5.298142717497555942e-02 4.701857282502444613e-02
5.317693059628543495e-02 4.682306940371457060e-02
5.337243401759531047e-02 4.662756598240469508e-02
5.356793743890517906e-02 4.643206256109482649e-02
5.376344086021505458e-02 4.623655913978495097e-02
5.395894428152492317e-02 4.604105571847508238e-02
5.415444770283479869e-02 4.584555229716520686e-02
5.434995112414467422e-02 4.565004887585533133e-02
5.454545454545454281e-02 4.545454545454546275e-02
5.474095796676441833e-02 4.525904203323558722e-02
5.493646138807429385e-02 4.506353861192571170e-02
5.513196480938416244e-02 4.486803519061584311e-02
5.532746823069403797e-02 4.467253176930596759e-02
5.552297165200391349e-02 4.447702834799609206e-02
5.571847507331378208e-02 4.428152492668622348e-02
5.591397849462365760e-02 4.408602150537634795e-02
5.610948191593352619e-02 4.389051808406647937e-02
5.630498533724340171e-02 4.369501466275660384e-02
5.650048875855327724e-02 4.349951124144672832e-02
5.669599217986314582e-02 4.330400782013685973e-02
5.689149560117302135e-02 4.310850439882698421e-02
5.708699902248288993e-02 4.291300097751711562e-02
5.728250244379276546e-02 4.271749755620724009e-02
5.747800586510264098e-02 4.252199413489736457e-02
5.767350928641250957e-02 4.232649071358749598e-02
5.786901270772238509e-02 4.213098729227762046e-02
5.806451612903226062e-02 4.193548387096774493e-02
5.826001955034212920e-02 4.173998044965787635e-02
5.845552297165200473e-02 4.154447702834800082e-02
5.865102639296188025e-02 4.134897360703812530e-02
5.884652981427174884e-02 4.115347018572825671e-02
5.904203323558162436e-02 4.095796676441838119e-02
5.923753665689149295e-02 4.076246334310851260e-02
5.943304007820136847e-02 4.056695992179863708e-02
5.962854349951124400e-02 4.037145650048876155e-02
5.982404692082111258e-02 4.017595307917889297e-02
6.001955034213098811e-02 3.998044965786901744e-02
6.021505376344085669e-02 3.978494623655914886e-02
6.041055718475073222e-02 3.958944281524927333e-02
6.060606060606060774e-02 3.939393939393939781e-02
6.080156402737047633e-02 3.919843597262952922e-02
6.099706744868035185e-02 3.900293255131965370e-02
6.119257086999022738e-02 3.880742913000977817e-02
6.138807429130009596e-02 3.861192570869990959e-02
6.158357771260997149e-02 3.841642228739003406e-02
6.177908113391984701e-02 3.822091886608015854e-02
6.197458455522971560e-02 3.802541544477028995e-02
6.217008797653959112e-02 3.782991202346041443e-02
6.236559139784945971e-02 3.763440860215054584e-02
6.256109481915933523e-02 3.743890518084067032e-02
6.275659824046921076e-02 3.724340175953079479e-02
6.295210166177908628e-02 3.704789833822091927e-02
6.314760508308894793e-02 3.685239491691105762e-02
6.334310850439882346e-02 3.665689149560118210e-02
6.353861192570869898e-02 3.646138807429130657e-02
6.373411534701857450e-02 3.626588465298143105e-02
6.392961876832845003e-02 3.607038123167155552e-02
6.412512218963831168e-02 3.587487781036169388e-02
6.432062561094818720e-02 3.567937438905181835e-02
6.451612903225806273e-02 3.548387096774194283e-02
6.471163245356793825e-02 3.528836754643206730e-02
6.490713587487781377e-02 3.509286412512219178e-02
6.510263929618768930e-02 3.489736070381231625e-02
6.529814271749755095e-02 3.470185728250245460e-02
6.549364613880742647e-02 3.450635386119257908e-02
6.568914956011730200e-02 3.431085043988270356e-02
6.588465298142717752e-02 3.411534701857282803e-02
6.608015640273705305e-02 3.391984359726295251e-02
6.627565982404691469e-02 3.372434017595309086e-02
6.647116324535679022e-02 3.352883675464321533e-02
6.666666666666666574e-02 3.333333333333333981e-02
6.686217008797654127e-02 3.313782991202346428e-02
6.705767350928641679e-02 3.294232649071358876e-02
6.725317693059629232e-02 3.274682306940371324e-02
6.744868035190615396e-02 3.255131964809385159e-02
6.764418377321602949e-02 3.235581622678397606e-02
6.783968719452590501e-02 3.216031280547410054e-02
6.803519061583578054e-02 3.196480938416422501e-02
6.823069403714565606e-02 3.176930596285434949e-02
6.842619745845551771e-02 3.157380254154448784e-02
6.862170087976539323e-02 3.137829912023461232e-02
6.881720430107526876e-02 3.118279569892473679e-02
6.901270772238514428e-02 3.098729227761486127e-02
6.920821114369501981e-02 3.079178885630498574e-02
6.940371456500488145e-02 3.059628543499512410e-02
6.959921798631475698e-02 3.040078201368524857e-02
6.979472140762463250e-02 3.020527859237537305e-02
6.999022482893450803e-02 3.000977517106549752e-02
7.018572825024438355e-02 2.981427174975562200e-02
7.038123167155424520e-02 2.961876832844576035e-02
7.057673509286412072e-02 2.942326490713588483e-02
7.077223851417399625e-02 2.922776148582600930e-02
7.096774193548387177e-02 2.903225806451613378e-02
7.116324535679374730e-02 2.883675464320625825e-02
7.135874877810362282e-02 2.864125122189638273e-02
7.155425219941348447e-02 2.844574780058652108e-02
7.174975562072335999e-02 2.825024437927664556e-02
7.194525904203323552e-02 2.805474095796677003e-02
7.214076246334311104e-02 2.785923753665689451e-02
7.233626588465298657e-02 2.766373411534701898e-02
7.253176930596284822e-02 2.746823069403715734e-02
7.272727272727272374e-02 2.727272727272728181e-02
7.292277614858259926e-02 2.707722385141740629e-02
7.311827956989247479e-02 2.688172043010753076e-02
7.331378299120235031e-02 2.668621700879765524e-02
7.350928641251222584e-02 2.649071358748777971e-02
7.370478983382208749e-02 2.629521016617791807e-02
7.390029325513196301e-02 2.609970674486804254e-02
7.409579667644183854e-02 2.590420332355816702e-02
7.429130009775171406e-02 2.570869990224829149e-02
7.448680351906158958e-02 2.551319648093841597e-02
7.468230694037145123e-02 2.531769305962855432e-02
7.487781036168132676e-02 2.512218963831867879e-02
7.507331378299120228e-02 2.492668621700880327e-02
7.526881720430107781e-02 2.473118279569892775e-02
7.546432062561095333e-02 2.453567937438905222e-02
7.565982404692081498e-02 2.434017595307919057e-02
7.585532746823069050e-02 2.414467253176931505e-02
7.605083088954056603e-02 2.394916911045943952e-02
7.624633431085044155e-02 2.375366568914956400e-02
7.644183773216031708e-02 2.355816226783968848e-02
7.663734115347017872e-02 2.336265884652982683e-02
7.683284457478005425e-02 2.316715542521995130e-02
7.702834799608992977e-02 2.297165200391007578e-02
7.722385141739980530e-02 2.277614858260020025e-02
7.741935483870968082e-02 2.258064516129032473e-02
7.761485826001955635e-02 2.238514173998044920e-02
7.781036168132941799e-02 2.218963831867058756e-02
7.800586510263929352e-02 2.199413489736071203e-02
7.820136852394916904e-02 2.179863147605083651e-02
7.839687194525904457e-02 2.160312805474096098e-02
7.859237536656892009e-02 2.140762463343108546e-02
7.878787878787878174e-02 2.121212121212122381e-02
7.898338220918865726e-02 2.101661779081134829e-02
7.917888563049853279e-02 2.082111436950147276e-02
7.937438905180840831e-02 2.062561094819159724e-02
7.956989247311828384e-02 2.043010752688172171e-02
7.976539589442815936e-02 2.023460410557184619e-02
7.996089931573802101e-02 2.003910068426198454e-02
8.015640273704789653e-02 1.984359726295210902e-02
8.035190615835777206e-02 1.964809384164223349e-02
8.054740957966764758e-02 1.945259042033235797e-02
8.074291300097752311e-02 1.925708699902248244e-02
8.093841642228738475e-02 1.906158357771262080e-02
8.113391984359726028e-02 1.886608015640274527e-02
8.132942326490713580e-02 1.867057673509286975e-02
8.152492668621701133e-02 1.847507331378299422e-02
8.172043010752688685e-02 1.827956989247311870e-02
8.191593352883674850e-02 1.808406647116325705e-02
8.211143695014662403e-02 1.788856304985338153e-02
8.230694037145649955e-02 1.769305962854350600e-02
8.250244379276637507e-02 1.749755620723363048e-02
8.269794721407625060e-02 1.730205278592375495e-02
8.289345063538611225e-02 1.710654936461389330e-02
8.308895405669598777e-02 1.691104594330401778e-02
8.328445747800586330e-02 1.671554252199414226e-02
8.347996089931573882e-02 1.652003910068426673e-02
8.367546432062561435e-02 1.632453567937439121e-02
8.387096774193548987e-02 1.612903225806451568e-02
8.406647116324535152e-02 1.593352883675465403e-02
8.426197458455522704e-02 1.573802541544477851e-02
8.445747800586510257e-02 1.554252199413490299e-02
8.465298142717497809e-02 1.534701857282502746e-02
8.484848484848485362e-02 1.515151515151515194e-02
8.504398826979471526e-02 1.495601173020529029e-02
8.523949169110459079e-02 1.476050830889541476e-02
8.543499511241446631e-02 1.456500488758553924e-02
8.563049853372434184e-02 1.436950146627566371e-02
8.582600195503421736e-02 1.417399804496578819e-02
8.602150537634409289e-02 1.397849462365591267e-02
8.621700879765395453e-02 1.378299120234605102e-02
8.641251221896383006e-02 1.358748778103617549e-02
8.660801564027370558e-02 1.339198435972629997e-02
8.680351906158358111e-02 1.319648093841642444e-02
8.699902248289345663e-02 1.300097751710654892e-02
8.719452590420331828e-02 1.280547409579668727e-02
8.739002932551319380e-02 1.260997067448681175e-02
8.758553274682306933e-02 1.241446725317693622e-02
8.778103616813294485e-02 1.221896383186706070e-02
8.797653958944282038e-02 1.202346041055718517e-02
8.817204301075268202e-02 1.182795698924732353e-02
8.836754643206255755e-02 1.163245356793744800e-02
8.856304985337243307e-02 1.143695014662757248e-02
8.875855327468230860e-02 1.124144672531769695e-02
8.895405669599218412e-02 1.104594330400782143e-02
8.914956011730204577e-02 1.085043988269795978e-02
8.934506353861192129e-02 1.065493646138808426e-02
8.954056695992179682e-02 1.045943304007820873e-02
8.973607038123167234e-02 1.026392961876833321e-02
8.993157380254154787e-02 1.006842619745845768e-02
9.012707722385142339e-02 9.872922776148582158e-03
9.032258064516128504e-02 9.677419354838720511e-03
9.051808406647116056e-02 9.481915933528844986e-03
9.071358748778103609e-02 9.286412512218969462e-03
9.090909090909091161e-02 9.090909090909093937e-03
9.110459433040078714e-02 8.895405669599218412e-03
9.130009775171064879e-02 8.699902248289356765e-03
9.149560117302052431e-02 8.504398826979481241e-03
9.169110459433039984e-02 8.308895405669605716e-03
9.188660801564027536e-02 8.113391984359730191e-03
9.208211143695015088e-02 7.917888563049854667e-03
9.227761485826002641e-02 7.722385141739979142e-03
9.247311827956988806e-02 7.526881720430117495e-03
9.266862170087976358e-02 7.331378299120241970e-03
9.286412512218963911e-02 7.135874877810366446e-03
9.305962854349951463e-02 6.940371456500490921e-03
9.325513196480939015e-02 6.744868035190615396e-03
9.345063538611925180e-02 6.549364613880753749e-03
9.364613880742912733e-02 6.353861192570878225e-03
9.384164222873900285e-02 6.158357771261002700e-03
9.403714565004887838e-02 5.962854349951127175e-03
9.423264907135875390e-02 5.767350928641251651e-03
9.442815249266861555e-02 5.571847507331390004e-03
9.462365591397849107e-02 5.376344086021514479e-03
9.481915933528836660e-02 5.180840664711638954e-03
9.501466275659824212e-02 4.985337243401763430e-03
9.521016617790811765e-02 4.789833822091887905e-03
9.540566959921797929e-02 4.594330400782026258e-03
9.560117302052785482e-02 4.398826979472150733e-03
9.579667644183773034e-02 4.203323558162275209e-03
9.599217986314760587e-02 4.007820136852399684e-03
9.618768328445748139e-02 3.812316715542524159e-03
9.638318670576735692e-02 3.616813294232648635e-03
9.657869012707721856e-02 3.421309872922786988e-03
9.677419354838709409e-02 3.225806451612911463e-03
9.696969696969696961e-02 3.030303030303035938e-03
9.716520039100684514e-02 2.834799608993160414e-03
9.736070381231672066e-02 2.639296187683284889e-03
9.755620723362658231e-02 2.443792766373423242e-03
9.775171065493645783e-02 2.248289345063547717e-03
9.794721407624633336e-02 2.052785923753672193e-03
9.814271749755620888e-02 1.857282502443796668e-03
9.833822091886608441e-02 1.661779081133921143e-03
9.853372434017595993e-02 1.466275659824045619e-03
9.872922776148582158e-02 1.270772238514183972e-03
9.892473118279569710e-02 1.075268817204308447e-03
9.912023460410557263e-02 8.797653958944329222e-04
9.931573802541544815e-02 6.842619745845573975e-04
9.951124144672532368e-02 4.887585532746818728e-04
9.970674486803518533e-02 2.932551319648202259e-04
9.990224828934506085e-02 9.775171065494470124e-05
1.000977517106549364e-01 0.000000000000000000e+00
1.002932551319648119e-01 0.000000000000000000e+00
1.004887585532746874e-01 0.000000000000000000e+00
1.006842619745845491e-01 0.000000000000000000e+00
1.008797653958944246e-01 0.000000000000000000e+00
1.010752688172043001e-01 0.000000000000000000e+00
1.012707722385141756e-01 0.000000000000000000e+00
1.014662756598240512e-01 0.000000000000000000e+00
1.016617790811339128e-01 0.000000000000000000e+00
1.018572825024437883e-01 0.000000000000000000e+00
1.020527859237536639e-01 0.000000000000000000e+00
1.022482893450635394e-01 0.000000000000000000e+00
1.024437927663734149e-01 0.000000000000000000e+00
1.026392961876832904e-01 0.000000000000000000e+00
1.028347996089931521e-01 0.000000000000000000e+00
1.030303030303030276e-01 0.000000000000000000e+00
1.032258064516129031e-01 0.000000000000000000e+00
1.034213098729227787e-01 0.000000000000000000e+00
1.036168132942326542e-01 0.000000000000000000e+00
1.038123167155425158e-01 0.000000000000000000e+00
1.040078201368523914e-01 0.000000000000000000e+00
1.042033235581622669e-01 0.000000000000000000e+00
1.043988269794721424e-01 0.000000000000000000e+00
1.045943304007820179e-01 0.000000000000000000e+00
1.047898338220918935e-01 0.000000000000000000e+00
1.049853372434017551e-01 0.000000000000000000e+00
1.051808406647116306e-01 0.000000000000000000e+00
1.053763440860215062e-01 0.000000000000000000e+00
1.055718475073313817e-01 0.000000000000000000e+00
1.057673509286412572e-01 0.000000000000000000e+00
1.059628543499511188e-01 0.000000000000000000e+00
1.061583577712609944e-01 0.000000000000000000e+00
1.063538611925708699e-01 0.000000000000000000e+00
1.065493646138807454e-01 0.000000000000000000e+00
1.067448680351906209e-01 0.000000000000000000e+00
1.069403714565004826e-01 0.000000000000000000e+00
1.071358748778103581e-01 0.000000000000000000e+00
1.073313782991202336e-01 0.000000000000000000e+00
1.075268817204301092e-01 0.000000000000000000e+00
1.077223851417399847e-01 0.000000000000000000e+00
1.079178885630498463e-01 0.000000000000000000e+00
1.081133919843597219e-01 0.000000000000000000e+00
1.083088954056695974e-01 0.000000000000000000e+00
1.085043988269794729e-01 0.000000000000000000e+00
1.086999022482893484e-01 0.000000000000000000e+00
1.088954056695992240e-01 0.000000000000000000e+00
1.090909090909090856e-01 0.000000000000000000e+00
1.092864125122189611e-01 0.000000000000000000e+00
1.094819159335288367e-01 0.000000000000000000e+00
1.096774193548387122e-01 0.000000000000000000e+00
1.098729227761485877e-01 0.000000000000000000e+00
1.100684261974584494e-01 0.000000000000000000e+00
1.102639296187683249e-01 0.000000000000000000e+00
1.104594330400782004e-01 0.000000000000000000e+00
1.106549364613880759e-01 0.000000000000000000e+00
1.108504398826979515e-01 0.000000000000000000e+00
1.110459433040078270e-01 0.000000000000000000e+00
1.112414467253176886e-01 0.000000000000000000e+00
1.114369501466275642e-01 0.000000000000000000e+00
1.116324535679374397e-01 0.000000000000000000e+00
1.118279569892473152e-01 0.000000000000000000e+00
1.120234604105571907e-01 0.000000000000000000e+00
1.122189638318670524e-01 0.000000000000000000e+00
1.124144672531769279e-01 0.000000000000000000e+00
1.126099706744868034e-01 0.000000000000000000e+00
1.128054740957966789e-01 0.000000000000000000e+00
1.130009775171065545e-01 0.000000000000000000e+00
1.131964809384164161e-01 0.000000000000000000e+00
1.133919843597262916e-01 0.000000000000000000e+00
1.135874877810361672e-01 0.000000000000000000e+00
1.137829912023460427e-01 0.000000000000000000e+00
1.139784946236559182e-01 0.000000000000000000e+00
1.141739980449657799e-01 0.000000000000000000e+00
1.143695014662756554e-01 0.000000000000000000e+00
1.145650048875855309e-01 0.000000000000000000e+00
1.147605083088954064e-01 0.000000000000000000e+00
1.149560117302052820e-01 0.000000000000000000e+00
1.151515151515151575e-01 0.000000000000000000e+00
1.153470185728250191e-01 0.000000000000000000e+00
1.155425219941348947e-01 0.000000000000000000e+00
1.157380254154447702e-01 0.000000000000000000e+00
1.159335288367546457e-01 0.000000000000000000e+00
1.161290322580645212e-01 0.000000000000000000e+00
1.163245356793743829e-01 0.000000000000000000e+00
1.165200391006842584e-01 0.000000000000000000e+00
1.167155425219941339e-01 0.000000000000000000e+00
1.169110459433040095e-01 0.000000000000000000e+00
1.171065493646138850e-01 0.000000000000000000e+00
1.173020527859237605e-01 0.000000000000000000e+00
1.174975562072336221e-01 0.000000000000000000e+00
1.176930596285434977e-01 0.000000000000000000e+00
1.178885630498533732e-01 0.000000000000000000e+00
1.180840664711632487e-01 0.000000000000000000e+00
1.182795698924731242e-01 0.000000000000000000e+00
1.184750733137829859e-01 0.000000000000000000e+00
1.186705767350928614e-01 0.000000000000000000e+00
1.188660801564027369e-01 0.000000000000000000e+00
1.190615835777126125e-01 0.000000000000000000e+00
1.192570869990224880e-01 0.000000000000000000e+00
1.194525904203323496e-01 0.000000000000000000e+00
1.196480938416422252e-01 0.000000000000000000e+00
1.198435972629521007e-01 0.000000000000000000e+00
1.200391006842619762e-01 0.000000000000000000e+00
1.202346041055718517e-01 0.000000000000000000e+00
1.204301075268817134e-01 0.000000000000000000e+00
1.206256109481915889e-01 0.000000000000000000e+00
1.208211143695014644e-01 0.000000000000000000e+00
1.210166177908113400e-01 0.000000000000000000e+00
1.212121212121212155e-01 0.000000000000000000e+00
1.214076246334310910e-01 0.000000000000000000e+00
1.216031280547409527e-01 0.000000000000000000e+00
1.217986314760508282e-01 0.000000000000000000e+00
1.219941348973607037e-01 0.000000000000000000e+00
1.221896383186705792e-01 0.000000000000000000e+00
1.223851417399804548e-01 0.000000000000000000e+00
1.225806451612903164e-01 0.000000000000000000e+00
1.227761485826001919e-01 0.000000000000000000e+00
1.229716520039100675e-01 0.000000000000000000e+00
1.231671554252199430e-01 0.000000000000000000e+00
1.233626588465298185e-01 0.000000000000000000e+00
1.235581622678396940e-01 0.000000000000000000e+00
1.237536656891495557e-01 0.000000000000000000e+00
1.239491691104594312e-01 0.000000000000000000e+00
1.241446725317693067e-01 0.000000000000000000e+00
1.243401759530791822e-01 0.000000000000000000e+00
1.245356793743890578e-01 0.000000000000000000e+00
1.247311827956989194e-01 0.000000000000000000e+00
1.249266862170087949e-01 0.000000000000000000e+00
1.251221896383186705e-01 0.000000000000000000e+00
1.253176930596285321e-01 0.000000000000000000e+00
1.255131964809384215e-01 0.000000000000000000e+00
1.257086999022482832e-01 0.000000000000000000e+00
1.259042033235581726e-01 0.000000000000000000e+00
1.260997067448680342e-01 0.000000000000000000e+00
1.262952101661778959e-01 0.000000000000000000e+00
1.264907135874877853e-01 0.000000000000000000e+00
1.266862170087976469e-01 0.000000000000000000e+00
1.268817204301075363e-01 0.000000000000000000e+00
1.270772238514173980e-01 0.000000000000000000e+00
1.272727272727272596e-01 0.000000000000000000e+00
1.274682306940371490e-01 0.000000000000000000e+00
1.276637341153470107e-01 0.000000000000000000e+00
1.278592375366569001e-01 0.000000000000000000e+00
1.280547409579667617e-01 0.000000000000000000e+00
1.282502443792766234e-01 0.000000000000000000e+00
1.284457478005865128e-01 0.000000000000000000e+00
1.286412512218963744e-01 0.000000000000000000e+00
1.288367546432062638e-01 0.000000000000000000e+00
1.290322580645161255e-01 0.000000000000000000e+00
1.292277614858260149e-01 0.000000000000000000e+00
1.294232649071358765e-01 0.000000000000000000e+00
1.296187683284457381e-01 0.000000000000000000e+00
1.298142717497556275e-01 0.000000000000000000e+00
1.300097751710654892e-01 0.000000000000000000e+00
1.302052785923753786e-01 0.000000000000000000e+00
1.304007820136852402e-01 0.000000000000000000e+00
1.305962854349951019e-01 0.000000000000000000e+00
1.307917888563049913e-01 0.000000000000000000e+00
1.309872922776148529e-01 0.000000000000000000e+00
1.311827956989247423e-01 0.000000000000000000e+00
1.313782991202346040e-01 0.000000000000000000e+00
1.315738025415444656e-01 0.000000000000000000e+00
1.317693059628543550e-01 0.000000000000000000e+00
1.319648093841642167e-01 0.000000000000000000e+00
1.321603128054741061e-01 0.000000000000000000e+00
1.323558162267839677e-01 0.000000000000000000e+00
1.325513196480938294e-01 0.000000000000000000e+00
1.327468230694037188e-01 0.000000000000000000e+00
1.329423264907135804e-01 0.000000000000000000e+00
1.331378299120234698e-01 0.000000000000000000e+00
1.333333333333333315e-01 0.000000000000000000e+00
1.335288367546431931e-01 0.000000000000000000e+00
1.337243401759530825e-01 0.000000000000000000e+00
1.339198435972629442e-01 0.000000000000000000e+00
1.341153470185728336e-01 0.000000000000000000e+00
1.343108504398826952e-01 0.000000000000000000e+00
1.345063538611925846e-01 0.000000000000000000e+00
1.347018572825024463e-01 0.000000000000000000e+00
1.348973607038123079e-01 0.000000000000000000e+00
1.350928641251221973e-01 0.000000000000000000e+00
1.352883675464320590e-01 0.000000000000000000e+00
1.354838709677419484e-01 0.000000000000000000e+00
1.356793743890518100e-01 0.000000000000000000e+00
1.358748778103616717e-01 0.000000000000000000e+00
1.360703812316715611e-01 0.000000000000000000e+00
1.362658846529814227e-01 0.000000000000000000e+00
1.364613880742913121e-01 0.000000000000000000e+00
1.366568914956011738e-01 0.000000000000000000e+00
1.368523949169110354e-01 0.000000000000000000e+00
1.370478983382209248e-01 0.000000000000000000e+00
1.372434017595307865e-01 0.000000000000000000e+00
1.374389051808406759e-01 0.000000000000000000e+00
1.376344086021505375e-01 0.000000000000000000e+00
1.378299120234603992e-01 0.000000000000000000e+00
1.380254154447702886e-01 0.000000000000000000e+00
1.382209188660801502e-01 0.000000000000000000e+00
1.384164222873900396e-01 0.000000000000000000e+00
1.386119257086999013e-01 0.000000000000000000e+00
1.388074291300097629e-01 0.000000000000000000e+00
1.390029325513196523e-01 0.000000000000000000e+00
1.391984359726295140e-01 0.000000000000000000e+00
1.393939393939394034e-01 0.000000000000000000e+00
1.395894428152492650e-01 0.000000000000000000e+00
1.397849462365591267e-01 0.000000000000000000e+00
1.399804496578690161e-01 0.000000000000000000e+00
1.401759530791788777e-01 0.000000000000000000e+00
1.403714565004887671e-01 0.000000000000000000e+00
1.405669599217986288e-01 0.000000000000000000e+00
1.407624633431084904e-01 0.000000000000000000e+00
1.409579667644183798e-01 0.000000000000000000e+00
1.411534701857282414e-01 0.000000000000000000e+00
1.413489736070381309e-01 0.000000000000000000e+00
1.415444770283479925e-01 0.000000000000000000e+00
1.417399804496578819e-01 0.000000000000000000e+00
1.419354838709677435e-01 0.000000000000000000e+00
1.421309872922776052e-01 0.000000000000000000e+00
1.423264907135874946e-01 0.000000000000000000e+00
1.425219941348973562e-01 0.000000000000000000e+00
1.427174975562072456e-01 0.000000000000000000e+00
1.429130009775171073e-01 0.000000000000000000e+00
1.431085043988269689e-01 0.000000000000000000e+00
1.433040078201368583e-01 0.000000000000000000e+00
1.434995112414467200e-01 0.000000000000000000e+00
1.436950146627566094e-01 0.000000000000000000e+00
1.438905180840664710e-01 0.000000000000000000e+00
1.440860215053763327e-01 0.000000000000000000e+00
1.442815249266862221e-01 0.000000000000000000e+00
1.444770283479960837e-01 0.000000000000000000e+00
1.446725317693059731e-01 0.000000000000000000e+00
1.448680351906158348e-01 0.000000000000000000e+00
1.450635386119256964e-01 0.000000000000000000e+00
1.452590420332355858e-01 0.000000000000000000e+00
1.454545454545454475e-01 0.000000000000000000e+00
1.456500488758553369e-01 0.000000000000000000e+00
1.458455522971651985e-01 0.000000000000000000e+00
1.460410557184750602e-01 0.000000000000000000e+00
1.462365591397849496e-01 0.000000000000000000e+00
1.464320625610948112e-01 0.000000000000000000e+00
1.466275659824047006e-01 0.000000000000000000e+00
1.468230694037145623e-01 0.000000000000000000e+00
1.470185728250244517e-01 0.000000000000000000e+00
1.472140762463343133e-01 0.000000000000000000e+00
1.474095796676441750e-01 0.000000000000000000e+00
1.476050830889540644e-01 0.000000000000000000e+00
1.478005865102639260e-01 0.000000000000000000e+00
1.479960899315738154e-01 0.000000000000000000e+00
1.481915933528836771e-01 0.000000000000000000e+00
1.483870967741935387e-01 0.000000000000000000e+00
1.485826001955034281e-01 0.000000000000000000e+00
1.487781036168132898e-01 0.000000000000000000e+00
1.489736070381231792e-01 0.000000000000000000e+00
1.491691104594330408e-01 0.000000000000000000e+00
1.493646138807429025e-01 0.000000000000000000e+00
1.495601173020527919e-01 0.000000000000000000e+00
1.497556207233626535e-01 0.000000000000000000e+00
1.499511241446725429e-01 0.000000000000000000e+00
1.501466275659824046e-01 0.000000000000000000e+00
1.503421309872922662e-01 0.000000000000000000e+00
1.505376344086021556e-01 0.000000000000000000e+00
1.507331378299120173e-01 0.000000000000000000e+00
1.509286412512219067e-01 0.000000000000000000e+00
1.511241446725317683e-01 0.000000000000000000e+00
1.513196480938416300e-01 0.000000000000000000e+00
1.515151515151515194e-01 0.000000000000000000e+00
1.517106549364613810e-01 0.000000000000000000e+00
1.519061583577712704e-01 0.000000000000000000e+00
1.521016617790811321e-01 0.000000000000000000e+00
1.522971652003909937e-01 0.000000000000000000e+00
1.524926686217008831e-01 0.000000000000000000e+00
1.526881720430107447e-01 0.000000000000000000e+00
1.528836754643206342e-01 0.000000000000000000e+00
1.530791788856304958e-01 0.000000000000000000e+00
1.532746823069403574e-01 0.000000000000000000e+00
1.534701857282502468e-01 0.000000000000000000e+00
1.536656891495601085e-01 0.000000000000000000e+00
1.538611925708699979e-01 0.000000000000000000e+00
1.540566959921798595e-01 0.000000000000000000e+00
1.542521994134897489e-01 0.000000000000000000e+00
1.544477028347996106e-01 0.000000000000000000e+00
1.546432062561094722e-01 0.000000000000000000e+00
1.548387096774193616e-01 0.000000000000000000e+00
1.550342130987292233e-01 0.000000000000000000e+00
1.552297165200391127e-01 0.000000000000000000e+00
1.554252199413489743e-01 0.000000000000000000e+00
1.556207233626588360e-01 0.000000000000000000e+00
1.558162267839687254e-01 0.000000000000000000e+00
1.560117302052785870e-01 0.000000000000000000e+00
1.562072336265884764e-01 0.000000000000000000e+00
1.564027370478983381e-01 0.000000000000000000e+00
1.565982404692081997e-01 0.000000000000000000e+00
1.567937438905180891e-01 0.000000000000000000e+00
1.569892473118279508e-01 0.000000000000000000e+00
1.571847507331378402e-01 0.000000000000000000e+00
1.573802541544477018e-01 0.000000000000000000e+00
1.575757575757575635e-01 0.000000000000000000e+00
1.577712609970674529e-01 0.000000000000000000e+00
1.579667644183773145e-01 0.000000000000000000e+00
1.581622678396872039e-01 0.000000000000000000e+00
1.583577712609970656e-01 0.000000000000000000e+00
1.585532746823069272e-01 0.000000000000000000e+00
1.587487781036168166e-01 0.000000000000000000e+00
1.589442815249266783e-01 0.000000000000000000e+00
1.591397849462365677e-01 0.000000000000000000e+00
1.593352883675464293e-01 0.000000000000000000e+00
1.595307917888563187e-01 0.000000000000000000e+00
1.597262952101661804e-01 0.000000000000000000e+00
1.599217986314760420e-01 0.000000000000000000e+00
1.601173020527859314e-01 0.000000000000000000e+00
1.603128054740957931e-01 0.000000000000000000e+00
1.605083088954056825e-01 0.000000000000000000e+00
1.607038123167155441e-01 0.000000000000000000e+00
1.608993157380254058e-01 0.000000000000000000e+00
1.610948191593352952e-01 0.000000000000000000e+00
1.612903225806451568e-01 0.000000000000000000e+00
1.614858260019550462e-01 0.000000000000000000e+00
1.616813294232649079e-01 0.000000000000000000e+00
1.618768328445747695e-01 0.000000000000000000e+00
1.620723362658846589e-01 0.000000000000000000e+00
1.622678396871945206e-01 0.000000000000000000e+00
1.624633431085044100e-01 0.000000000000000000e+00
1.626588465298142716e-01 0.000000000000000000e+00
1.628543499511241333e-01 0.000000000000000000e+00
1.630498533724340227e-01 0.000000000000000000e+00
1.632453567937438843e-01 0.000000000000000000e+00
1.634408602150537737e-01 0.000000000000000000e+00
1.636363636363636354e-01 0.000000000000000000e+00
1.638318670576734970e-01 0.000000000000000000e+00
1.640273704789833864e-01 0.000000000000000000e+00
1.642228739002932481e-01 0.000000000000000000e+00
1.644183773216031375e-01 0.000000000000000000e+00
1.646138807429129991e-01 0.000000000000000000e+00
1.648093841642228607e-01 0.000000000000000000e+00
1.650048875855327501e-01 0.000000000000000000e+00
1.652003910068426118e-01 0.000000000000000000e+00
1.653958944281525012e-01 0.000000000000000000e+00
1.655913978494623628e-01 0.000000000000000000e+00
1.657869012707722245e-01 0.000000000000000000e+00
1.659824046920821139e-01 0.000000000000000000e+00
1.661779081133919755e-01 0.000000000000000000e+00
1.663734115347018649e-01 0.000000000000000000e+00
1.665689149560117266e-01 0.000000000000000000e+00
1.667644183773216160e-01 0.000000000000000000e+00
1.669599217986314776e-01 0.000000000000000000e+00
1.671554252199413393e-01 0.000000000000000000e+00
1.673509286412512287e-01 0.000000000000000000e+00
1.675464320625610903e-01 0.000000000000000000e+00
1.677419354838709797e-01 0.000000000000000000e+00
1.679374389051808414e-01 0.000000000000000000e+00
1.681329423264907030e-01 0.000000000000000000e+00
1.683284457478005924e-01 0.000000000000000000e+00
1.685239491691104541e-01 0.000000000000000000e+00
1.687194525904203435e-01 0.000000000000000000e+00
1.689149560117302051e-01 0.000000000000000000e+00
1.691104594330400668e-01 0.000000000000000000e+00
1.693059628543499562e-01 0.000000000000000000e+00
1.695014662756598178e-01 0.000000000000000000e+00
1.696969696969697072e-01 0.000000000000000000e+00
1.698924731182795689e-01 0.000000000000000000e+00
1.700879765395894305e-01 0.000000000000000000e+00
1.702834799608993199e-01 0.000000000000000000e+00
1.704789833822091816e-01 0.000000000000000000e+00
1.706744868035190710e-01 0.000000000000000000e+00
1.708699902248289326e-01 0.000000000000000000e+00
1.710654936461387943e-01 0.000000000000000000e+00
1.712609970674486837e-01 0.000000000000000000e+00
1.714565004887585453e-01 0.000000000000000000e+00
1.716520039100684347e-01 0.000000000000000000e+00
1.718475073313782964e-01 0.000000000000000000e+00
1.720430107526881858e-01 0.000000000000000000e+00
1.722385141739980474e-01 0.000000000000000000e+00
1.724340175953079091e-01 0.000000000000000000e+00
1.726295210166177985e-01 0.000000000000000000e+00
1.728250244379276601e-01 0.000000000000000000e+00
1.730205278592375495e-01 0.000000000000000000e+00
1.732160312805474112e-01 0.000000000000000000e+00
1.734115347018572728e-01 0.000000000000000000e+00
1.736070381231671622e-01 0.000000000000000000e+00
1.738025415444770239e-01 0.000000000000000000e+00
1.739980449657869133e-01 0.000000000000000000e+00
1.741935483870967749e-01 0.000000000000000000e+00
1.743890518084066366e-01 0.000000000000000000e+00
1.745845552297165260e-01 0.000000000000000000e+00
1.747800586510263876e-01 0.000000000000000000e+00
1.749755620723362770e-01 0.000000000000000000e+00
1.751710654936461387e-01 0.000000000000000000e+00
1.753665689149560003e-01 0.000000000000000000e+00
1.755620723362658897e-01 0.000000000000000000e+00
1.757575757575757514e-01 0.000000000000000000e+00
1.759530791788856408e-01 0.000000000000000000e+00
1.761485826001955024e-01 0.000000000000000000e+00
1.763440860215053640e-01 0.000000000000000000e+00
1.765395894428152535e-01 0.000000000000000000e+00
1.767350928641251151e-01 0.000000000000000000e+00
1.769305962854350045e-01 0.000000000000000000e+00
1.771260997067448661e-01 0.000000000000000000e+00
1.773216031280547278e-01 0.000000000000000000e+00
1.775171065493646172e-01 0.000000000000000000e+00
1.777126099706744788e-01 0.000000000000000000e+00
1.779081133919843682e-01 0.000000000000000000e+00
1.781036168132942299e-01 0.000000000000000000e+00
1.782991202346040915e-01 0.000000000000000000e+00
1.784946236559139809e-01 0.000000000000000000e+00
1.786901270772238426e-01 0.000000000000000000e+00
1.788856304985337320e-01 0.000000000000000000e+00
1.790811339198435936e-01 0.000000000000000000e+00
1.792766373411534830e-01 0.000000000000000000e+00
1.794721407624633447e-01 0.000000000000000000e+00
1.796676441837732063e-01 0.000000000000000000e+00
1.798631476050830957e-01 0.000000000000000000e+00
1.800586510263929574e-01 0.000000000000000000e+00
1.802541544477028468e-01 0.000000000000000000e+00
1.804496578690127084e-01 0.000000000000000000e+00
1.806451612903225701e-01 0.000000000000000000e+00
1.808406647116324595e-01 0.000000000000000000e+00
1.810361681329423211e-01 0.000000000000000000e+00
1.812316715542522105e-01 0.000000000000000000e+00
1.814271749755620722e-01 0.000000000000000000e+00
1.816226783968719338e-01 0.000000000000000000e+00
1.818181818181818232e-01 0.000000000000000000e+00
1.820136852394916849e-01 0.000000000000000000e+00
1.822091886608015743e-01 0.000000000000000000e+00
1.824046920821114359e-01 0.000000000000000000e+00
1.826001955034212976e-01 0.000000000000000000e+00
1.827956989247311870e-01 0.000000000000000000e+00
1.829912023460410486e-01 0.000000000000000000e+00
1.831867057673509380e-01 0.000000000000000000e+00
1.833822091886607997e-01 0.000000000000000000e+00
1.835777126099706613e-01 0.000000000000000000e+00
1.837732160312805507e-01 0.000000000000000000e+00
1.839687194525904124e-01 0.000000000000000000e+00
1.841642228739003018e-01 0.000000000000000000e+00
1.843597262952101634e-01 0.000000000000000000e+00
1.845552297165200528e-01 0.000000000000000000e+00
1.847507331378299145e-01 0.000000000000000000e+00
1.849462365591397761e-01 0.000000000000000000e+00
1.851417399804496655e-01 0.000000000000000000e+00
1.853372434017595272e-01 0.000000000000000000e+00
1.855327468230694166e-01 0.000000000000000000e+00
1.857282502443792782e-01 0.000000000000000000e+00
1.859237536656891399e-01 0.000000000000000000e+00
1.861192570869990293e-01 0.000000000000000000e+00
1.863147605083088909e-01 0.000000000000000000e+00
1.865102639296187803e-01 0.000000000000000000e+00
1.867057673509286420e-01 0.000000000000000000e+00
1.869012707722385036e-01 0.000000000000000000e+00
1.870967741935483930e-01 0.000000000000000000e+00
1.872922776148582547e-01 0.000000000000000000e+00
1.874877810361681441e-01 0.000000000000000000e+00
1.876832844574780057e-01 0.000000000000000000e+00
1.878787878787878673e-01 0.000000000000000000e+00
1.880742913000977568e-01 0.000000000000000000e+00
1.882697947214076184e-01 0.000000000000000000e+00
1.884652981427175078e-01 0.000000000000000000e+00
1.886608015640273694e-01 0.000000000000000000e+00
1.888563049853372311e-01 0.000000000000000000e+00
1.890518084066471205e-01 0.000000000000000000e+00
1.892473118279569821e-01 0.000000000000000000e+00
1.894428152492668715e-01 0.000000000000000000e+00
1.896383186705767332e-01 0.000000000000000000e+00
1.898338220918865948e-01 0.000000000000000000e+00
1.900293255131964842e-01 0.000000000000000000e+00
1.902248289345063459e-01 0.000000000000000000e+00
1.904203323558162353e-01 0.000000000000000000e+00
1.906158357771260969e-01 0.000000000000000000e+00
1.908113391984359586e-01 0.000000000000000000e+00
1.910068426197458480e-01 0.000000000000000000e+00
1.912023460410557096e-01 0.000000000000000000e+00
1.913978494623655990e-01 0.000000000000000000e+00
1.915933528836754607e-01 0.000000000000000000e+00
1.917888563049853501e-01 0.000000000000000000e+00
1.919843597262952117e-01 0.000000000000000000e+00
1.921798631476050734e-01 0.000000000000000000e+00
1.923753665689149628e-01 0.000000000000000000e+00
1.925708699902248244e-01 0.000000000000000000e+00
1.927663734115347138e-01 0.000000000000000000e+00
1.929618768328445755e-01 0.000000000000000000e+00
1.931573802541544371e-01 0.000000000000000000e+00
1.933528836754643265e-01 0.000000000000000000e+00
1.935483870967741882e-01 0.000000000000000000e+00
1.937438905180840776e-01 0.000000000000000000e+00
1.939393939393939392e-01 0.000000000000000000e+00
1.941348973607038009e-01 0.000000000000000000e+00
1.943304007820136903e-01 0.000000000000000000e+00
1.945259042033235519e-01 0.000000000000000000e+00
1.947214076246334413e-01 0.000000000000000000e+00
1.949169110459433030e-01 0.000000000000000000e+00
1.951124144672531646e-01 0.000000000000000000e+00
1.953079178885630540e-01 0.000000000000000000e+00
1.955034213098729157e-01 0.000000000000000000e+00
1.956989247311828051e-01 0.000000000000000000e+00
1.958944281524926667e-01 0.000000000000000000e+00
1.960899315738025284e-01 0.000000000000000000e+00
1.962854349951124178e-01 0.000000000000000000e+00
1.964809384164222794e-01 0.000000000000000000e+00
1.966764418377321688e-01 0.000000000000000000e+00
1.968719452590420305e-01 0.000000000000000000e+00
1.970674486803519199e-01 0.000000000000000000e+00
1.972629521016617815e-01 0.000000000000000000e+00
1.974584555229716432e-01 0.000000000000000000e+00
1.976539589442815326e-01 0.000000000000000000e+00
1.978494623655913942e-01 0.000000000000000000e+00
1.980449657869012836e-01 0.000000000000000000e+00
1.982404692082111453e-01 0.000000000000000000e+00
1.984359726295210069e-01 0.000000000000000000e+00
1.986314760508308963e-01 0.000000000000000000e+00
1.988269794721407580e-01 0.000000000000000000e+00
1.990224828934506474e-01 0.000000000000000000e+00
1.992179863147605090e-01 0.000000000000000000e+00
1.994134897360703707e-01 0.000000000000000000e+00
1.996089931573802601e-01 0.000000000000000000e+00
1.998044965786901217e-01 0.000000000000000000e+00
2.000000000000000111e-01 0.000000000000000000e+00
