1.038464646464646421e+03 1.061414141414141341e+03
1.061414141414141341e+03 1.084363636363636260e+03
1.084363636363636260e+03 1.107313131313131180e+03
1.107313131313131180e+03 1.130262626262626100e+03
1.130262626262626100e+03 1.153212121212121019e+03
1.153212121212121019e+03 1.176161616161616166e+03
1.176161616161616166e+03 1.199111111111110858e+03
1.199111111111110858e+03 1.222060606060606005e+03
1.222060606060606005e+03 1.245010101010100925e+03
1.245010101010100925e+03 1.267959595959595845e+03
1.267959595959595845e+03 1.290909090909090764e+03
