0.000000000000000000e+00 8.399999999999999689e-01
1.372549019607843118e-02 8.459404239232304334e-01
2.745098039215686236e-02 8.519366646458931269e-01
4.117647058823529355e-02 8.579878914113994171e-01
5.490196078431372473e-02 8.640932720722330762e-01
6.862745098039216285e-02 8.702519737825904489e-01
8.235294117647058709e-02 8.764631636624018451e-01
9.607843137254902521e-02 8.827260094682604086e-01
1.098039215686274495e-01 8.890396802342191984e-01
1.235294117647058876e-01 8.954033469021273062e-01
1.372549019607843257e-01 9.018161829396607043e-01
1.509803921568627361e-01 9.082773649236454139e-01
1.647058823529411742e-01 9.147860731192029027e-01
1.784313725490196123e-01 9.213414920261912000e-01
1.921568627450980504e-01 9.279428109048575291e-01
2.058823529411764608e-01 9.345892242851328024e-01
2.196078431372548989e-01 9.412799324402433276e-01
2.333333333333333370e-01 9.480141418437985079e-01
2.470588235294117752e-01 9.547910656046287858e-01
2.607843137254902133e-01 9.616099238656725667e-01
2.745098039215686514e-01 9.684699441884954130e-01
2.882352941176470340e-01 9.753703619107775280e-01
3.019607843137254721e-01 9.823104204728085875e-01
3.156862745098039102e-01 9.892893717275826893e-01
3.294117647058823484e-01 9.963064762239404182e-01
3.431372549019607865e-01 1.003361003462323930e+00
3.568627450980392246e-01 1.010452232132782679e+00
3.705882352941176627e-01 1.017579450329388679e+00
3.843137254901961009e-01 1.024741955737986432e+00
3.980392156862744835e-01 1.031939055807489680e+00
4.117647058823529216e-01 1.039170067901338035e+00
4.254901960784313597e-01 1.046434319422587134e+00
4.392156862745097978e-01 1.053731147925607736e+00
4.529411764705882359e-01 1.061059901209052025e+00
4.666666666666666741e-01 1.068419937387318885e+00
4.803921568627451122e-01 1.075810624948246419e+00
4.941176470588235503e-01 1.083231342794383378e+00
5.078431372549019329e-01 1.090681480269049652e+00
5.215686274509804266e-01 1.098160437165970116e+00
5.352941176470588092e-01 1.105667623727538462e+00
5.490196078431373028e-01 1.113202460630045909e+00
5.627450980392156854e-01 1.120764378955067420e+00
5.764705882352940680e-01 1.128352820150704039e+00
5.901960784313725616e-01 1.135967235981987455e+00
6.039215686274509443e-01 1.143607088471895183e+00
6.176470588235294379e-01 1.151271849831681182e+00
6.313725490196078205e-01 1.158961002383884553e+00
6.450980392156863141e-01 1.166674038477059083e+00
6.588235294117646967e-01 1.174410460393273681e+00
6.725490196078431904e-01 1.182169780248749413e+00
6.862745098039215730e-01 1.189951519888599263e+00
6.999999999999999556e-01 1.197755210776056956e+00
7.137254901960784492e-01 1.205580393876449774e+00
7.274509803921568318e-01 1.213426619536760231e+00
7.411764705882353255e-01 1.221293447361684992e+00
7.549019607843137081e-01 1.229180446085426981e+00
7.686274509803922017e-01 1.237087193441018140e+00
7.823529411764705843e-01 1.245013276025569438e+00
7.960784313725489669e-01 1.252958289165218231e+00
8.098039215686274606e-01 1.260921836777107563e+00
8.235294117647058432e-01 1.268903531229460757e+00
8.372549019607843368e-01 1.276902993201223691e+00
8.509803921568627194e-01 1.284919851538884883e+00
8.647058823529412130e-01 1.292953743114944487e+00
8.784313725490195957e-01 1.301004312685418052e+00
8.921568627450980893e-01 1.309071212746002910e+00
9.058823529411764719e-01 1.317154103389061026e+00
9.196078431372548545e-01 1.325252652161899913e+00
9.333333333333333481e-01 1.333366533920593788e+00
9.470588235294117307e-01 1.341495430693082858e+00
9.607843137254902244e-01 1.349639031536038924e+00
9.745098039215686070e-01 1.357797032394951753e+00
9.882352941176471006e-01 1.365969135965338310e+00
1.001960784313725483e+00 1.374155051556515739e+00
1.015686274509803866e+00 1.382354494950453372e+00
1.029411764705882248e+00 1.390567188273030830e+00
1.043137254901960853e+00 1.398792859857970416e+00
1.056862745098039236e+00 1.407031244115235280e+00
1.070588235294117618e+00 1.415282081401126657e+00
1.084313725490196001e+00 1.423545117891018341e+00
1.098039215686274606e+00 1.431820105450537062e+00
1.111764705882352988e+00 1.440106801512493595e+00
1.125490196078431371e+00 1.448404968955642413e+00
1.139215686274509753e+00 1.456714375982710585e+00
1.152941176470588136e+00 1.465034796001834172e+00
1.166666666666666741e+00 1.473366007508138509e+00
1.180392156862745123e+00 1.481707793979067267e+00
1.194117647058823506e+00 1.490059943742008786e+00
1.207843137254901889e+00 1.498422249881760537e+00
1.221568627450980493e+00 1.506794510125731179e+00
1.235294117647058876e+00 1.515176526737641582e+00
1.249019607843137258e+00 1.523568106413270007e+00
1.262745098039215641e+00 1.531969060178239417e+00
1.276470588235294024e+00 1.540379203287840726e+00
1.290196078431372628e+00 1.548798355130543092e+00
1.303921568627451011e+00 1.557226339127444570e+00
1.317647058823529393e+00 1.565662982640394274e+00
1.331372549019607776e+00 1.574108116882302788e+00
1.345098039215686381e+00 1.582561576824841332e+00
1.358823529411764763e+00 1.591023201110244756e+00
1.372549019607843146e+00 1.599492831965033890e+00
1.386274509803921529e+00 1.607970315115629045e+00
1.399999999999999911e+00 1.616455499705830245e+00
1.413725490196078516e+00 1.624948238215623508e+00
1.427450980392156898e+00 1.633448386385045747e+00
1.441176470588235281e+00 1.641955803131742941e+00
1.454901960784313664e+00 1.650470350480444104e+00
1.468627450980392046e+00 1.658991893487718583e+00
1.482352941176470651e+00 1.667520300170122205e+00
1.496078431372549034e+00 1.676055441434014748e+00
1.509803921568627416e+00 1.684597191007016104e+00
1.523529411764705799e+00 1.693145425371078039e+00
1.537254901960784403e+00 1.701700023697134245e+00
1.550980392156862786e+00 1.710260867781300931e+00
1.564705882352941169e+00 1.718827841982601745e+00
1.578431372549019551e+00 1.727400833162178628e+00
1.592156862745097934e+00 1.735979730622531747e+00
1.605882352941176539e+00 1.744564426053861750e+00
1.619607843137254921e+00 1.753154813474037566e+00
1.633333333333333304e+00 1.761750789173360143e+00
1.647058823529411686e+00 1.770352251661674092e+00
1.660784313725490291e+00 1.778959101615878113e+00
1.674509803921568674e+00 1.787571241828724178e+00
1.688235294117647056e+00 1.796188577158865929e+00
1.701960784313725439e+00 1.804811014482136322e+00
1.715686274509803821e+00 1.813438462644020976e+00
1.729411764705882426e+00 1.822070832413302588e+00
1.743137254901960809e+00 1.830708036435598762e+00
1.756862745098039191e+00 1.839349989192235579e+00
1.770588235294117574e+00 1.847996606956660015e+00
1.784313725490196179e+00 1.856647807749465917e+00
1.798039215686274561e+00 1.865303511299476025e+00
1.811764705882352944e+00 1.873963639003831005e+00
1.825490196078431326e+00 1.882628113889071475e+00
1.839215686274509709e+00 1.891296860573181915e+00
1.852941176470588314e+00 1.899969805228582720e+00
1.866666666666666696e+00 1.908646875546036403e+00
1.880392156862745079e+00 1.917328000699459301e+00
1.894117647058823461e+00 1.926013111309685000e+00
1.907843137254902066e+00 1.934702139416602185e+00
1.921568627450980449e+00 1.943395018442063638e+00
1.935294117647058831e+00 1.952091683157530122e+00
1.949019607843137214e+00 1.960792069654442749e+00
1.962745098039215597e+00 1.969496115313936091e+00
1.976470588235294201e+00 1.978203758777303811e+00
1.990196078431372584e+00 1.986914939917198808e+00
2.003921568627450966e+00 1.995629599809549237e+00
2.017647058823529349e+00 2.004347680706170198e+00
2.031372549019607732e+00 2.013069126008055765e+00
2.045098039215686114e+00 2.021793880236761876e+00
2.058823529411764497e+00 2.030521889017260939e+00
2.072549019607843324e+00 2.039253099044678219e+00
2.086274509803921706e+00 2.047987458062323629e+00
2.100000000000000089e+00 2.056724914838836238e+00
2.113725490196078471e+00 2.065465419145172898e+00
2.127450980392156854e+00 2.074208921732163979e+00
2.141176470588235237e+00 2.082955374308624208e+00
2.154901960784313619e+00 2.091704729520000861e+00
2.168627450980392002e+00 2.100456940927548199e+00
2.182352941176470384e+00 2.109211962988009947e+00
2.196078431372549211e+00 2.117969751031029357e+00
2.209803921568627594e+00 2.126730261248759746e+00
2.223529411764705976e+00 2.135493450667717230e+00
2.237254901960784359e+00 2.144259277132918751e+00
2.250980392156862742e+00 2.153027699290607888e+00
2.264705882352941124e+00 2.161798676570718225e+00
2.278431372549019507e+00 2.170572169169755039e+00
2.292156862745097889e+00 2.179348138034098437e+00
2.305882352941176272e+00 2.188126544843710608e+00
2.319607843137255099e+00 2.196907351996236546e+00
2.333333333333333481e+00 2.205690522591488900e+00
2.347058823529411864e+00 2.214476020414158253e+00
2.360784313725490247e+00 2.223263809925055678e+00
2.374509803921568629e+00 2.232053856242571133e+00
2.388235294117647012e+00 2.240846125127049060e+00
2.401960784313725394e+00 2.249640582968964964e+00
2.415686274509803777e+00 2.258437196775480160e+00
2.429411764705882160e+00 2.267235934157335375e+00
2.443137254901960986e+00 2.276036763316047207e+00
2.456862745098039369e+00 2.284839653031412787e+00
2.470588235294117752e+00 2.293644572649312430e+00
2.484313725490196134e+00 2.302451492069803596e+00
2.498039215686274517e+00 2.311260381735478209e+00
2.511764705882352899e+00 2.320071212616624745e+00
2.525490196078431282e+00 2.328883956211977857e+00
2.539215686274509665e+00 2.337698584524328993e+00
2.552941176470588047e+00 2.346515070055303021e+00
2.566666666666666874e+00 2.355333385795010059e+00
2.580392156862745257e+00 2.364153505211939788e+00
2.594117647058823639e+00 2.372975402243095999e+00
2.607843137254902022e+00 2.381799051284358537e+00
2.621568627450980404e+00 2.390624427181068157e+00
2.635294117647058787e+00 2.399451505218833436e+00
2.649019607843137170e+00 2.408280261114551735e+00
2.662745098039215552e+00 2.417110671007428380e+00
2.676470588235293935e+00 2.425942711447623079e+00
2.690196078431372761e+00 2.434776359398746592e+00
2.703921568627451144e+00 2.443611592216713202e+00
2.717647058823529527e+00 2.452448387646940731e+00
2.731372549019607909e+00 2.461286723816510591e+00
2.745098039215686292e+00 2.470126579226518793e+00
2.758823529411764675e+00 2.478967932744591263e+00
2.772549019607843057e+00 2.487810763597578578e+00
2.786274509803921440e+00 2.496655051364410571e+00
2.799999999999999822e+00 2.505500775969115690e+00
2.813725490196078649e+00 2.514347917673998900e+00
2.827450980392157032e+00 2.523196457072971466e+00
2.841176470588235414e+00 2.532046375082322331e+00
2.854901960784313797e+00 2.540897652942314622e+00
2.868627450980392180e+00 2.549750272204345691e+00
2.882352941176470562e+00 2.558604214724688131e+00
2.896078431372548945e+00 2.567459462660138136e+00
2.909803921568627327e+00 2.576315998462173962e+00
2.923529411764705710e+00 2.585173804871244041e+00
2.937254901960784093e+00 2.594032864911179903e+00
2.950980392156862919e+00 2.602893161883733875e+00
2.964705882352941302e+00 2.611754679363240683e+00
2.978431372549019684e+00 2.620617401191389639e+00
2.992156862745098067e+00 2.629481311472122051e+00
3.005882352941176450e+00 2.638346394566629449e+00
3.019607843137254832e+00 2.647212635085096188e+00
3.033333333333333215e+00 2.656080017892626710e+00
3.047058823529411598e+00 2.664948528093669111e+00
3.060784313725489980e+00 2.673818151030310730e+00
3.074509803921568807e+00 2.682688872278573555e+00
3.088235294117647189e+00 2.691560677644017741e+00
3.101960784313725572e+00 2.700433553157438382e+00
3.115686274509803955e+00 2.709307485070659549e+00
3.129411764705882337e+00 2.718182459852413579e+00
3.143137254901960720e+00 2.727058464184311859e+00
3.156862745098039102e+00 2.735935484956903085e+00
3.170588235294117485e+00 2.744813509265812801e+00
3.184313725490195868e+00 2.753692524407968190e+00
3.198039215686274694e+00 2.762572517875643729e+00
3.211764705882353077e+00 2.771453477358579942e+00
3.225490196078431460e+00 2.780335390737871837e+00
3.239215686274509842e+00 2.789218246079145480e+00
3.252941176470588225e+00 2.798102031631686248e+00
3.266666666666666607e+00 2.806986735825103718e+00
3.280392156862744990e+00 2.815872347266059172e+00
3.294117647058823373e+00 2.824758854735069491e+00
3.307843137254901755e+00 2.833646247183371880e+00
3.321568627450980582e+00 2.842534513729857881e+00
3.335294117647058965e+00 2.851423643658068663e+00
3.349019607843137347e+00 2.860313626413256038e+00
3.362745098039215730e+00 2.869204451599499439e+00
3.376470588235294112e+00 2.878096108976890388e+00
3.390196078431372495e+00 2.886988588455841054e+00
3.403921568627450878e+00 2.895881880102875172e+00
3.417647058823529260e+00 2.904775974131077909e+00
3.431372549019607643e+00 2.913670860897219939e+00
3.445098039215686470e+00 2.922566530900892801e+00
3.458823529411764852e+00 2.931462974782001130e+00
3.472549019607843235e+00 2.940360183318310394e+00
3.486274509803921617e+00 2.949258147423042153e+00
3.500000000000000000e+00 2.958156858142516832e+00
