7.400000000000000000e+02 7.410807089618364216e+02
7.410807089618364216e+02 7.421627964543387179e+02
7.421627964543387179e+02 7.432462659257597579e+02
7.432462659257597579e+02 7.443311208388470277e+02
7.443311208388470277e+02 7.454173646709054992e+02
7.454173646709054992e+02 7.465050009138625455e+02
7.465050009138625455e+02 7.475940330743324012e+02
7.475940330743324012e+02 7.486844646736844879e+02
7.486844646736844879e+02 7.497762992481065112e+02
7.497762992481065112e+02 7.508695403486699433e+02
7.508695403486699433e+02 7.519641915413999413e+02
7.519641915413999413e+02 7.530602564073404892e+02
7.530602564073404892e+02 7.541577385426197679e+02
7.541577385426197679e+02 7.552566415585224604e+02
7.552566415585224604e+02 7.563569690815531885e+02
7.563569690815531885e+02 7.574587247535073402e+02
7.574587247535073402e+02 7.585619122315391678e+02
7.585619122315391678e+02 7.596665351882302275e+02
7.596665351882302275e+02 7.607725973116611158e+02
7.607725973116611158e+02 7.618801023054779762e+02
7.618801023054779762e+02 7.629890538889663958e+02
7.629890538889663958e+02 7.640994557971187078e+02
7.640994557971187078e+02 7.652113117807041363e+02
7.652113117807041363e+02 7.663246256063465580e+02
7.663246256063465580e+02 7.674394010565897588e+02
7.674394010565897588e+02 7.685556419299704203e+02
7.685556419299704203e+02 7.696733520410934943e+02
7.696733520410934943e+02 7.707925352207031438e+02
7.707925352207031438e+02 7.719131953157568660e+02
7.719131953157568660e+02 7.730353361894973432e+02
7.730353361894973432e+02 7.741589617215298631e+02
7.741589617215298631e+02 7.752840758078921226e+02
7.752840758078921226e+02 7.764106823611341497e+02
7.764106823611341497e+02 7.775387853103895850e+02
7.775387853103895850e+02 7.786683886014521931e+02
7.786683886014521931e+02 7.797994961968548751e+02
7.797994961968548751e+02 7.809321120759434507e+02
7.809321120759434507e+02 7.820662402349535114e+02
7.820662402349535114e+02 7.832018846870860216e+02
7.832018846870860216e+02 7.843390494625923566e+02
7.843390494625923566e+02 7.854777386088443336e+02
7.854777386088443336e+02 7.866179561904165212e+02
7.866179561904165212e+02 7.877597062891649102e+02
7.877597062891649102e+02 7.889029930043058130e+02
7.889029930043058130e+02 7.900478204524964667e+02
7.900478204524964667e+02 7.911941927679172295e+02
7.911941927679172295e+02 7.923421141023476366e+02
7.923421141023476366e+02 7.934915886252510973e+02
7.934915886252510973e+02 7.946426205238561806e+02
7.946426205238561806e+02 7.957952140032379020e+02
7.957952140032379020e+02 7.969493732864006006e+02
7.969493732864006006e+02 7.981051026143607032e+02
7.981051026143607032e+02 7.992624062462326719e+02
7.992624062462326719e+02 8.004212884593091530e+02
8.004212884593091530e+02 8.015817535491472654e+02
8.015817535491472654e+02 8.027438058296531835e+02
8.027438058296531835e+02 8.039074496331699038e+02
8.039074496331699038e+02 8.050726893105592126e+02
8.050726893105592126e+02 8.062395292312895663e+02
8.062395292312895663e+02 8.074079737835234027e+02
8.074079737835234027e+02 8.085780273742027475e+02
8.085780273742027475e+02 8.097496944291414138e+02
8.097496944291414138e+02 8.109229793931077666e+02
8.109229793931077666e+02 8.120978867299148760e+02
8.120978867299148760e+02 8.132744209225130589e+02
8.132744209225130589e+02 8.144525864730768490e+02
8.144525864730768490e+02 8.156323879030944681e+02
8.156323879030944681e+02 8.168138297534619596e+02
8.168138297534619596e+02 8.179969165845690213e+02
8.179969165845690213e+02 8.191816529763968902e+02
8.191816529763968902e+02 8.203680435286071315e+02
8.203680435286071315e+02 8.215560928606338393e+02
8.215560928606338393e+02 8.227458056117792466e+02
8.227458056117792466e+02 8.239371864413070625e+02
8.239371864413070625e+02 8.251302400285361500e+02
8.251302400285361500e+02 8.263249710729359094e+02
8.263249710729359094e+02 8.275213842942204110e+02
8.275213842942204110e+02 8.287194844324477572e+02
8.287194844324477572e+02 8.299192762481135333e+02
8.299192762481135333e+02 8.311207645222471001e+02
8.311207645222471001e+02 8.323239540565128891e+02
8.323239540565128891e+02 8.335288496733064676e+02
8.335288496733064676e+02 8.347354562158541285e+02
8.347354562158541285e+02 8.359437785483098651e+02
8.359437785483098651e+02 8.371538215558583715e+02
8.371538215558583715e+02 8.383655901448155419e+02
8.383655901448155419e+02 8.395790892427264680e+02
8.395790892427264680e+02 8.407943237984692360e+02
8.407943237984692360e+02 8.420112987823574713e+02
8.420112987823574713e+02 8.432300191862410657e+02
8.432300191862410657e+02 8.444504900236125877e+02
8.444504900236125877e+02 8.456727163297069865e+02
8.456727163297069865e+02 8.468967031616144823e+02
8.468967031616144823e+02 8.481224555983746995e+02
8.481224555983746995e+02 8.493499787410903537e+02
8.493499787410903537e+02 8.505792777130312743e+02
8.505792777130312743e+02 8.518103576597400206e+02
8.518103576597400206e+02 8.530432237491418164e+02
8.530432237491418164e+02 8.542778811716399332e+02
8.542778811716399332e+02 8.555143351402359713e+02
8.555143351402359713e+02 8.567525908906552559e+02
8.567525908906552559e+02 8.579926536814393785e+02
8.579926536814393785e+02 8.592345287940585195e+02
8.592345287940585195e+02 8.604782215330276358e+02
8.604782215330276358e+02 8.617237372260117354e+02
8.617237372260117354e+02 8.629710812239433153e+02
8.629710812239433153e+02 8.642202589011335476e+02
8.642202589011335476e+02 8.654712756553877853e+02
8.654712756553877853e+02 8.667241369081189077e+02
8.667241369081189077e+02 8.679788481044631681e+02
8.679788481044631681e+02 8.692354147133995639e+02
8.692354147133995639e+02 8.704938422278618191e+02
8.704938422278618191e+02 8.717541361648560496e+02
8.717541361648560496e+02 8.730163020655846822e+02
8.730163020655846822e+02 8.742803454955594589e+02
8.742803454955594589e+02 8.755462720447218317e+02
8.755462720447218317e+02 8.768140873275671083e+02
8.768140873275671083e+02 8.780837969832609815e+02
8.780837969832609815e+02 8.793554066757644705e+02
8.793554066757644705e+02 8.806289220939542020e+02
8.806289220939542020e+02 8.819043489517470107e+02
8.819043489517470107e+02 8.831816929882237446e+02
8.831816929882237446e+02 8.844609599677514780e+02
8.844609599677514780e+02 8.857421556801137967e+02
8.857421556801137967e+02 8.870252859406321022e+02
8.870252859406321022e+02 8.883103565902958962e+02
8.883103565902958962e+02 8.895973734958873820e+02
8.895973734958873820e+02 8.908863425501134543e+02
8.908863425501134543e+02 8.921772696717325744e+02
8.921772696717325744e+02 8.934701608056840314e+02
8.934701608056840314e+02 8.947650219232218660e+02
8.947650219232218660e+02 8.960618590220440183e+02
8.960618590220440183e+02 8.973606781278459721e+02
8.973606781278459721e+02 8.986614852901914219e+02
8.986614852901914219e+02 8.999642865869091111e+02
8.999642865869091111e+02 9.012690881228069202e+02
9.012690881228069202e+02 9.025758960298053353e+02
9.025758960298053353e+02 9.038847164670747816e+02
9.038847164670747816e+02 9.051955556211756857e+02
9.051955556211756857e+02 9.065084197061912619e+02
9.065084197061912619e+02 9.078233149638726900e+02
9.078233149638726900e+02 9.091402476637751988e+02
9.091402476637751988e+02 9.104592241033956270e+02
9.104592241033956270e+02 9.117802506083215803e+02
9.117802506083215803e+02 9.131033335323687652e+02
9.131033335323687652e+02 9.144284792577228700e+02
9.144284792577228700e+02 9.157556941950869032e+02
9.157556941950869032e+02 9.170849847838250071e+02
9.170849847838250071e+02 9.184163574921076361e+02
9.184163574921076361e+02 9.197498188170598041e+02
9.197498188170598041e+02 9.210853752849075136e+02
9.210853752849075136e+02 9.224230334511254341e+02
9.224230334511254341e+02 9.237627999005891297e+02
9.237627999005891297e+02 9.251046812477214871e+02
9.251046812477214871e+02 9.264486841366498311e+02
9.264486841366498311e+02 9.277948152413501930e+02
9.277948152413501930e+02 9.291430812658103378e+02
9.291430812658103378e+02 9.304934889441749419e+02
9.304934889441749419e+02 9.318460450409038458e+02
9.318460450409038458e+02 9.332007563509309875e+02
9.332007563509309875e+02 9.345576296998152657e+02
9.345576296998152657e+02 9.359166719439060671e+02
9.359166719439060671e+02 9.372778899704976538e+02
9.372778899704976538e+02 9.386412906979878699e+02
9.386412906979878699e+02 9.400068810760426459e+02
9.400068810760426459e+02 9.413746680857562978e+02
9.413746680857562978e+02 9.427446587398153497e+02
9.427446587398153497e+02 9.441168600826607644e+02
9.441168600826607644e+02 9.454912791906544953e+02
9.454912791906544953e+02 9.468679231722443319e+02
9.468679231722443319e+02 9.482467991681345438e+02
9.482467991681345438e+02 9.496279143514492489e+02
9.496279143514492489e+02 9.510112759279028296e+02
9.510112759279028296e+02 9.523968911359745562e+02
9.523968911359745562e+02 9.537847672470749103e+02
9.537847672470749103e+02 9.551749115657185030e+02
9.551749115657185030e+02 9.565673314297009711e+02
9.565673314297009711e+02 9.579620342102703034e+02
9.579620342102703034e+02 9.593590273123030556e+02
9.593590273123030556e+02 9.607583181744854528e+02
9.607583181744854528e+02 9.621599142694853981e+02
9.621599142694853981e+02 9.635638231041345989e+02
9.635638231041345989e+02 9.649700522196070551e+02
9.649700522196070551e+02 9.663786091916051646e+02
9.663786091916051646e+02 9.677895016305351419e+02
9.677895016305351419e+02 9.692027371816984669e+02
9.692027371816984669e+02 9.706183235254704869e+02
9.706183235254704869e+02 9.720362683774905008e+02
9.720362683774905008e+02 9.734565794888471828e+02
9.734565794888471828e+02 9.748792646462654830e+02
9.748792646462654830e+02 9.763043316723028511e+02
9.763043316723028511e+02 9.777317884255321587e+02
9.777317884255321587e+02 9.791616428007383774e+02
9.791616428007383774e+02 9.805939027291109369e+02
9.805939027291109369e+02 9.820285761784400620e+02
9.820285761784400620e+02 9.834656711533100406e+02
9.834656711533100406e+02 9.849051956952972660e+02
9.849051956952972660e+02 9.863471578831693023e+02
9.863471578831693023e+02 9.877915658330839506e+02
9.877915658330839506e+02 9.892384276987930889e+02
9.892384276987930889e+02 9.906877516718403740e+02
9.906877516718403740e+02 9.921395459817666733e+02
9.921395459817666733e+02 9.935938188963184530e+02
9.935938188963184530e+02 9.950505787216494582e+02
9.950505787216494582e+02 9.965098338025298972e+02
9.965098338025298972e+02 9.979715925225564206e+02
9.979715925225564206e+02 9.994358633043623286e+02
9.994358633043623286e+02 1.000902654609830620e+03
1.000902654609830620e+03 1.002371974940303858e+03
1.002371974940303858e+03 1.003843832836799720e+03
1.003843832836799720e+03 1.005318236880230302e+03
1.005318236880230302e+03 1.006795195691615277e+03
1.006795195691615277e+03 1.008274717932302565e+03
1.008274717932302565e+03 1.009756812304189907e+03
1.009756812304189907e+03 1.011241487549946214e+03
1.011241487549946214e+03 1.012728752453231778e+03
1.012728752453231778e+03 1.014218615838925757e+03
1.014218615838925757e+03 1.015711086573353214e+03
1.015711086573353214e+03 1.017206173564510209e+03
1.017206173564510209e+03 1.018703885762297205e+03
1.018703885762297205e+03 1.020204232158741888e+03
1.020204232158741888e+03 1.021707221788241554e+03
1.021707221788241554e+03 1.023212863727786953e+03
1.023212863727786953e+03 1.024721167097208991e+03
1.024721167097208991e+03 1.026232141059404057e+03
1.026232141059404057e+03 1.027745794820579931e+03
1.027745794820579931e+03 1.029262137630493498e+03
1.029262137630493498e+03 1.030781178782693814e+03
1.030781178782693814e+03 1.032302927614764712e+03
1.032302927614764712e+03 1.033827393508568093e+03
1.033827393508568093e+03 1.035354585890494491e+03
1.035354585890494491e+03 1.036884514231706362e+03
1.036884514231706362e+03 1.038417188048394564e+03
1.038417188048394564e+03 1.039952616902025738e+03
1.039952616902025738e+03 1.041490810399594011e+03
1.041490810399594011e+03 1.043031778193880882e+03
1.043031778193880882e+03 1.044575529983709430e+03
1.044575529983709430e+03 1.046122075514201924e+03
1.046122075514201924e+03 1.047671424577045173e+03
1.047671424577045173e+03 1.049223587010747906e+03
