0.000000000000000000e+00 0.000000000000000000e+00
1.372549019607843118e-02 3.440522875816994031e+01
2.745098039215686236e-02 6.881045751633988061e+01
4.117647058823529355e-02 1.032156862745098209e+02
5.490196078431372473e-02 1.376209150326797612e+02
6.862745098039216285e-02 1.720261437908497157e+02
8.235294117647058709e-02 2.064313725490196418e+02
9.607843137254902521e-02 2.408366013071896248e+02
1.098039215686274495e-01 2.752418300653595225e+02
1.235294117647058876e-01 3.096470588235294485e+02
1.372549019607843257e-01 3.440522875816994315e+02
1.509803921568627361e-01 3.757156862745097783e+02
1.647058823529411742e-01 3.717352941176470722e+02
1.784313725490196123e-01 3.677549019607843093e+02
1.921568627450980504e-01 3.637745098039215463e+02
2.058823529411764608e-01 3.597941176470588402e+02
2.196078431372548989e-01 3.558137254901960773e+02
2.333333333333333370e-01 3.518333333333333144e+02
2.470588235294117752e-01 3.478529411764706083e+02
2.607843137254902133e-01 3.409607843137254690e+02
2.745098039215686514e-01 3.332745098039215463e+02
2.882352941176470340e-01 3.255882352941176805e+02
3.019607843137254721e-01 3.179019607843137010e+02
3.156862745098039102e-01 3.102156862745097783e+02
3.294117647058823484e-01 3.025294117647058556e+02
3.431372549019607865e-01 2.948431372549019329e+02
3.568627450980392246e-01 2.905882352941176237e+02
3.705882352941176627e-01 2.897647058823529278e+02
3.843137254901961009e-01 2.889411764705882320e+02
3.980392156862744835e-01 2.881176470588235361e+02
4.117647058823529216e-01 2.872941176470588402e+02
4.254901960784313597e-01 2.864705882352941444e+02
4.392156862745097978e-01 2.856470588235293917e+02
4.529411764705882359e-01 2.892941176470587834e+02
4.666666666666666741e-01 3.093333333333333144e+02
4.803921568627451122e-01 3.293725490196078454e+02
4.941176470588235503e-01 3.494117647058823195e+02
5.078431372549019329e-01 3.694509803921567936e+02
5.215686274509804266e-01 3.894901960784313815e+02
5.352941176470588092e-01 4.095294117647057988e+02
5.490196078431373028e-01 4.295686274509804434e+02
5.627450980392156854e-01 4.680882352941175100e+02
5.764705882352940680e-01 5.080294117647055714e+02
5.901960784313725616e-01 5.479705882352940307e+02
6.039215686274509443e-01 5.879117647058822058e+02
6.176470588235294379e-01 6.278529411764706083e+02
6.313725490196078205e-01 6.677941176470586697e+02
6.450980392156863141e-01 7.077352941176470722e+02
6.588235294117646967e-01 7.564117647058822058e+02
6.725490196078431904e-01 8.099411764705884025e+02
6.862745098039215730e-01 8.634705882352941444e+02
6.999999999999999556e-01 9.169999999999998863e+02
7.137254901960784492e-01 9.705294117647059693e+02
7.274509803921568318e-01 1.024058823529411711e+03
7.411764705882353255e-01 1.077588235294117794e+03
7.549019607843137081e-01 1.122833333333333258e+03
7.686274509803922017e-01 1.153166666666666742e+03
7.823529411764705843e-01 1.183500000000000000e+03
7.960784313725489669e-01 1.213833333333333258e+03
8.098039215686274606e-01 1.244166666666666742e+03
8.235294117647058432e-01 1.274500000000000000e+03
8.372549019607843368e-01 1.304833333333333485e+03
8.509803921568627194e-01 1.333666666666666742e+03
8.647058823529412130e-01 1.343000000000000000e+03
8.784313725490195957e-01 1.352333333333333258e+03
8.921568627450980893e-01 1.361666666666666742e+03
9.058823529411764719e-01 1.371000000000000000e+03
9.196078431372548545e-01 1.380333333333333258e+03
9.333333333333333481e-01 1.389666666666666742e+03
9.470588235294117307e-01 1.399000000000000000e+03
9.607843137254902244e-01 1.408333333333333485e+03
9.745098039215686070e-01 1.417666666666666742e+03
9.882352941176471006e-01 1.427000000000000000e+03
1.001960784313725483e+00 1.436333333333333258e+03
1.015686274509803866e+00 1.445666666666666515e+03
1.029411764705882248e+00 1.455000000000000000e+03
1.043137254901960853e+00 1.464333333333333258e+03
1.056862745098039236e+00 1.469960784313725526e+03
1.070588235294117618e+00 1.471882352941176578e+03
1.084313725490196001e+00 1.473803921568627402e+03
1.098039215686274606e+00 1.475725490196078454e+03
1.111764705882352988e+00 1.477647058823529505e+03
1.125490196078431371e+00 1.479568627450980330e+03
1.139215686274509753e+00 1.481490196078431381e+03
1.152941176470588136e+00 1.481176470588235361e+03
1.166666666666666741e+00 1.472666666666666515e+03
1.180392156862745123e+00 1.464156862745097897e+03
1.194117647058823506e+00 1.455647058823529505e+03
1.207843137254901889e+00 1.447137254901960887e+03
1.221568627450980493e+00 1.438627450980392041e+03
1.235294117647058876e+00 1.430117647058823422e+03
1.249019607843137258e+00 1.421607843137254804e+03
1.262745098039215641e+00 1.382637254901960887e+03
1.276470588235294024e+00 1.341323529411765094e+03
1.290196078431372628e+00 1.300009803921568619e+03
1.303921568627451011e+00 1.258696078431372598e+03
1.317647058823529393e+00 1.217382352941176805e+03
1.331372549019607776e+00 1.176068627450980784e+03
1.345098039215686381e+00 1.134754901960784309e+03
1.358823529411764763e+00 1.089558823529411939e+03
1.372549019607843146e+00 1.042205882352941444e+03
1.386274509803921529e+00 9.948529411764708357e+02
1.399999999999999911e+00 9.475000000000004547e+02
1.413725490196078516e+00 9.001470588235291643e+02
1.427450980392156898e+00 8.527941176470586697e+02
1.441176470588235281e+00 8.054411764705881751e+02
1.454901960784313664e+00 7.595588235294118249e+02
1.468627450980392046e+00 7.163235294117649801e+02
1.482352941176470651e+00 6.730882352941173394e+02
1.496078431372549034e+00 6.298529411764704946e+02
1.509803921568627416e+00 5.866176470588236498e+02
1.523529411764705799e+00 5.433823529411768050e+02
1.537254901960784403e+00 5.001470588235292212e+02
1.550980392156862786e+00 4.572450980392156339e+02
1.564705882352941169e+00 4.186764705882353610e+02
1.578431372549019551e+00 3.801078431372550881e+02
1.592156862745097934e+00 3.415392156862747584e+02
1.605882352941176539e+00 3.029705882352938602e+02
1.619607843137254921e+00 2.644019607843135304e+02
1.633333333333333304e+00 2.258333333333332575e+02
1.647058823529411686e+00 1.872647058823529278e+02
1.660784313725490291e+00 1.649803921568625071e+02
1.674509803921568674e+00 1.471372549019606311e+02
1.688235294117647056e+00 1.292941176470587550e+02
1.701960784313725439e+00 1.114509803921568789e+02
1.715686274509803821e+00 9.360784313725498862e+01
1.729411764705882426e+00 7.576470588235281411e+01
1.743137254901960809e+00 5.792156862745094514e+01
1.756862745098039191e+00 4.563725490196080159e+01
1.770588235294117574e+00 3.891176470588239766e+01
1.784313725490196179e+00 3.218627450980388716e+01
1.798039215686274561e+00 2.546078431372548678e+01
1.811764705882352944e+00 1.873529411764708641e+01
1.825490196078431326e+00 1.200980392156868248e+01
1.839215686274509709e+00 5.284313725490285663e+00
1.852941176470588314e+00 0.000000000000000000e+00
1.866666666666666696e+00 0.000000000000000000e+00
1.880392156862745079e+00 0.000000000000000000e+00
1.894117647058823461e+00 0.000000000000000000e+00
1.907843137254902066e+00 0.000000000000000000e+00
1.921568627450980449e+00 0.000000000000000000e+00
1.935294117647058831e+00 0.000000000000000000e+00
1.949019607843137214e+00 0.000000000000000000e+00
1.962745098039215597e+00 0.000000000000000000e+00
1.976470588235294201e+00 0.000000000000000000e+00
1.990196078431372584e+00 0.000000000000000000e+00
2.003921568627450966e+00 0.000000000000000000e+00
2.017647058823529349e+00 0.000000000000000000e+00
2.031372549019607732e+00 0.000000000000000000e+00
2.045098039215686114e+00 0.000000000000000000e+00
2.058823529411764497e+00 0.000000000000000000e+00
2.072549019607843324e+00 0.000000000000000000e+00
2.086274509803921706e+00 0.000000000000000000e+00
2.100000000000000089e+00 0.000000000000000000e+00
2.113725490196078471e+00 0.000000000000000000e+00
2.127450980392156854e+00 0.000000000000000000e+00
2.141176470588235237e+00 0.000000000000000000e+00
2.154901960784313619e+00 0.000000000000000000e+00
2.168627450980392002e+00 0.000000000000000000e+00
2.182352941176470384e+00 0.000000000000000000e+00
2.196078431372549211e+00 0.000000000000000000e+00
2.209803921568627594e+00 0.000000000000000000e+00
2.223529411764705976e+00 0.000000000000000000e+00
2.237254901960784359e+00 0.000000000000000000e+00
2.250980392156862742e+00 0.000000000000000000e+00
2.264705882352941124e+00 0.000000000000000000e+00
2.278431372549019507e+00 0.000000000000000000e+00
2.292156862745097889e+00 0.000000000000000000e+00
2.305882352941176272e+00 0.000000000000000000e+00
2.319607843137255099e+00 0.000000000000000000e+00
2.333333333333333481e+00 0.000000000000000000e+00
2.347058823529411864e+00 0.000000000000000000e+00
2.360784313725490247e+00 0.000000000000000000e+00
2.374509803921568629e+00 0.000000000000000000e+00
2.388235294117647012e+00 0.000000000000000000e+00
2.401960784313725394e+00 0.000000000000000000e+00
2.415686274509803777e+00 0.000000000000000000e+00
2.429411764705882160e+00 0.000000000000000000e+00
2.443137254901960986e+00 0.000000000000000000e+00
2.456862745098039369e+00 0.000000000000000000e+00
2.470588235294117752e+00 0.000000000000000000e+00
2.484313725490196134e+00 0.000000000000000000e+00
2.498039215686274517e+00 0.000000000000000000e+00
2.511764705882352899e+00 0.000000000000000000e+00
2.525490196078431282e+00 0.000000000000000000e+00
2.539215686274509665e+00 0.000000000000000000e+00
2.552941176470588047e+00 0.000000000000000000e+00
2.566666666666666874e+00 0.000000000000000000e+00
2.580392156862745257e+00 0.000000000000000000e+00
2.594117647058823639e+00 0.000000000000000000e+00
2.607843137254902022e+00 0.000000000000000000e+00
2.621568627450980404e+00 0.000000000000000000e+00
2.635294117647058787e+00 0.000000000000000000e+00
2.649019607843137170e+00 0.000000000000000000e+00
2.662745098039215552e+00 0.000000000000000000e+00
2.676470588235293935e+00 0.000000000000000000e+00
2.690196078431372761e+00 0.000000000000000000e+00
2.703921568627451144e+00 0.000000000000000000e+00
2.717647058823529527e+00 0.000000000000000000e+00
2.731372549019607909e+00 0.000000000000000000e+00
2.745098039215686292e+00 0.000000000000000000e+00
2.758823529411764675e+00 0.000000000000000000e+00
2.772549019607843057e+00 0.000000000000000000e+00
2.786274509803921440e+00 0.000000000000000000e+00
2.799999999999999822e+00 0.000000000000000000e+00
2.813725490196078649e+00 0.000000000000000000e+00
2.827450980392157032e+00 0.000000000000000000e+00
2.841176470588235414e+00 0.000000000000000000e+00
2.854901960784313797e+00 0.000000000000000000e+00
2.868627450980392180e+00 0.000000000000000000e+00
2.882352941176470562e+00 0.000000000000000000e+00
2.896078431372548945e+00 0.000000000000000000e+00
2.909803921568627327e+00 0.000000000000000000e+00
2.923529411764705710e+00 0.000000000000000000e+00
2.937254901960784093e+00 0.000000000000000000e+00
2.950980392156862919e+00 0.000000000000000000e+00
2.964705882352941302e+00 0.000000000000000000e+00
2.978431372549019684e+00 0.000000000000000000e+00
2.992156862745098067e+00 0.000000000000000000e+00
3.005882352941176450e+00 0.000000000000000000e+00
3.019607843137254832e+00 0.000000000000000000e+00
3.033333333333333215e+00 0.000000000000000000e+00
3.047058823529411598e+00 0.000000000000000000e+00
3.060784313725489980e+00 0.000000000000000000e+00
3.074509803921568807e+00 0.000000000000000000e+00
3.088235294117647189e+00 0.000000000000000000e+00
3.101960784313725572e+00 0.000000000000000000e+00
3.115686274509803955e+00 0.000000000000000000e+00
3.129411764705882337e+00 0.000000000000000000e+00
3.143137254901960720e+00 0.000000000000000000e+00
3.156862745098039102e+00 0.000000000000000000e+00
3.170588235294117485e+00 0.000000000000000000e+00
3.184313725490195868e+00 0.000000000000000000e+00
3.198039215686274694e+00 0.000000000000000000e+00
3.211764705882353077e+00 0.000000000000000000e+00
3.225490196078431460e+00 0.000000000000000000e+00
3.239215686274509842e+00 0.000000000000000000e+00
3.252941176470588225e+00 0.000000000000000000e+00
3.266666666666666607e+00 0.000000000000000000e+00
3.280392156862744990e+00 0.000000000000000000e+00
3.294117647058823373e+00 0.000000000000000000e+00
3.307843137254901755e+00 0.000000000000000000e+00
3.321568627450980582e+00 0.000000000000000000e+00
3.335294117647058965e+00 0.000000000000000000e+00
3.349019607843137347e+00 0.000000000000000000e+00
3.362745098039215730e+00 0.000000000000000000e+00
3.376470588235294112e+00 0.000000000000000000e+00
3.390196078431372495e+00 0.000000000000000000e+00
3.403921568627450878e+00 0.000000000000000000e+00
3.417647058823529260e+00 0.000000000000000000e+00
3.431372549019607643e+00 0.000000000000000000e+00
3.445098039215686470e+00 0.000000000000000000e+00
3.458823529411764852e+00 0.000000000000000000e+00
3.472549019607843235e+00 0.000000000000000000e+00
3.486274509803921617e+00 0.000000000000000000e+00
3.500000000000000000e+00 0.000000000000000000e+00
