0.000000000000000000e+00 0.000000000000000000e+00
1.372549019607843118e-02 9.557007988380538180e-03
2.745098039215686236e-02 1.911401597676107636e-02
4.117647058823529355e-02 2.867102396514161627e-02
5.490196078431372473e-02 3.822803195352215272e-02
6.862745098039216285e-02 4.778503994190269610e-02
8.235294117647058709e-02 5.734204793028323255e-02
9.607843137254902521e-02 6.689905591866378287e-02
1.098039215686274495e-01 7.645606390704430544e-02
1.235294117647058876e-01 8.601307189542484188e-02
1.372549019607843257e-01 9.557007988380539221e-02
1.509803921568627361e-01 1.043654684095860485e-01
1.647058823529411742e-01 1.032598039215686381e-01
1.784313725490196123e-01 1.021541394335511999e-01
1.921568627450980504e-01 1.010484749455337616e-01
2.058823529411764608e-01 9.994281045751635117e-02
2.196078431372548989e-01 9.883714596949891296e-02
2.333333333333333370e-01 9.773148148148147474e-02
2.470588235294117752e-01 9.662581699346406428e-02
2.607843137254902133e-01 9.471132897603484757e-02
2.745098039215686514e-01 9.257625272331154731e-02
2.882352941176470340e-01 9.044117647058824705e-02
3.019607843137254721e-01 8.830610021786491903e-02
3.156862745098039102e-01 8.617102396514160489e-02
3.294117647058823484e-01 8.403594771241829076e-02
3.431372549019607865e-01 8.190087145969497662e-02
3.568627450980392246e-01 8.071895424836600386e-02
3.705882352941176627e-01 8.049019607843137247e-02
3.843137254901961009e-01 8.026143790849672721e-02
3.980392156862744835e-01 8.003267973856209583e-02
4.117647058823529216e-01 7.980392156862745057e-02
4.254901960784313597e-01 7.957516339869281918e-02
4.392156862745097978e-01 7.934640522875816004e-02
4.529411764705882359e-01 8.035947712418299582e-02
4.666666666666666741e-01 8.592592592592591949e-02
4.803921568627451122e-01 9.149237472766884316e-02
4.941176470588235503e-01 9.705882352941175295e-02
5.078431372549019329e-01 1.026252723311546627e-01
5.215686274509804266e-01 1.081917211328976003e-01
5.352941176470588092e-01 1.137581699346404962e-01
5.490196078431373028e-01 1.193246187363834615e-01
5.627450980392156854e-01 1.300245098039215230e-01
5.764705882352940680e-01 1.411192810457515545e-01
5.901960784313725616e-01 1.522140522875816693e-01
6.039215686274509443e-01 1.633088235294117285e-01
6.176470588235294379e-01 1.744035947712418433e-01
6.313725490196078205e-01 1.854983660130718470e-01
6.450980392156863141e-01 1.965931372549019618e-01
6.588235294117646967e-01 2.101143790849672732e-01
6.725490196078431904e-01 2.249836601307189932e-01
6.862745098039215730e-01 2.398529411764706021e-01
6.999999999999999556e-01 2.547222222222221832e-01
7.137254901960784492e-01 2.695915032679738754e-01
7.274509803921568318e-01 2.844607843137254566e-01
7.411764705882353255e-01 2.993300653594771488e-01
7.549019607843137081e-01 3.118981481481481466e-01
7.686274509803922017e-01 3.203240740740740944e-01
7.823529411764705843e-01 3.287499999999999867e-01
7.960784313725489669e-01 3.371759259259258790e-01
8.098039215686274606e-01 3.456018518518518823e-01
8.235294117647058432e-01 3.540277777777777746e-01
8.372549019607843368e-01 3.624537037037037224e-01
8.509803921568627194e-01 3.704629629629629939e-01
8.647058823529412130e-01 3.730555555555555292e-01
8.784313725490195957e-01 3.756481481481481199e-01
8.921568627450980893e-01 3.782407407407407662e-01
9.058823529411764719e-01 3.808333333333333570e-01
9.196078431372548545e-01 3.834259259259258923e-01
9.333333333333333481e-01 3.860185185185185386e-01
9.470588235294117307e-01 3.886111111111111294e-01
9.607843137254902244e-01 3.912037037037037202e-01
9.745098039215686070e-01 3.937962962962963109e-01
9.882352941176471006e-01 3.963888888888889017e-01
1.001960784313725483e+00 3.989814814814814370e-01
1.015686274509803866e+00 4.015740740740740278e-01
1.029411764705882248e+00 4.041666666666666741e-01
1.043137254901960853e+00 4.067592592592592649e-01
1.056862745098039236e+00 4.083224400871459658e-01
1.070588235294117618e+00 4.088562091503268325e-01
1.084313725490196001e+00 4.093899782135075882e-01
1.098039215686274606e+00 4.099237472766884549e-01
1.111764705882352988e+00 4.104575163398693216e-01
1.125490196078431371e+00 4.109912854030500773e-01
1.139215686274509753e+00 4.115250544662309440e-01
1.152941176470588136e+00 4.114379084967320632e-01
1.166666666666666741e+00 4.090740740740740344e-01
1.180392156862745123e+00 4.067102396514160612e-01
1.194117647058823506e+00 4.043464052287581989e-01
1.207843137254901889e+00 4.019825708061002256e-01
1.221568627450980493e+00 3.996187363834422523e-01
1.235294117647058876e+00 3.972549019607842791e-01
1.249019607843137258e+00 3.948910675381263613e-01
1.262745098039215641e+00 3.840659041394335893e-01
1.276470588235294024e+00 3.725898692810458712e-01
1.290196078431372628e+00 3.611138344226579311e-01
1.303921568627451011e+00 3.496377995642701575e-01
1.317647058823529393e+00 3.381617647058824394e-01
1.331372549019607776e+00 3.266857298474946658e-01
1.345098039215686381e+00 3.152096949891067257e-01
1.358823529411764763e+00 3.026552287581699696e-01
1.372549019607843146e+00 2.895016339869281863e-01
1.386274509803921529e+00 2.763480392156863474e-01
1.399999999999999911e+00 2.631944444444445641e-01
1.413725490196078516e+00 2.500408496732025587e-01
1.427450980392156898e+00 2.368872549019607476e-01
1.441176470588235281e+00 2.237336601307189365e-01
1.454901960784313664e+00 2.109885620915032955e-01
1.468627450980392046e+00 1.989787581699347108e-01
1.482352941176470651e+00 1.869689542483659317e-01
1.496078431372549034e+00 1.749591503267973469e-01
1.509803921568627416e+00 1.629493464052287899e-01
1.523529411764705799e+00 1.509395424836602329e-01
1.537254901960784403e+00 1.389297385620914538e-01
1.550980392156862786e+00 1.270125272331154576e-01
1.564705882352941169e+00 1.162990196078431543e-01
1.578431372549019551e+00 1.055855119825708510e-01
1.592156862745097934e+00 9.487200435729854775e-02
1.605882352941176539e+00 8.415849673202607795e-02
1.619607843137254921e+00 7.344498910675376080e-02
1.633333333333333304e+00 6.273148148148145753e-02
1.647058823529411686e+00 5.201797385620914732e-02
1.660784313725490291e+00 4.582788671023958760e-02
1.674509803921568674e+00 4.087145969498906517e-02
1.688235294117647056e+00 3.591503267973854274e-02
1.701960784313725439e+00 3.095860566448802031e-02
1.715686274509803821e+00 2.600217864923749789e-02
1.729411764705882426e+00 2.104575163398689219e-02
1.743137254901960809e+00 1.608932461873637323e-02
1.756862745098039191e+00 1.267701525054466642e-02
1.770588235294117574e+00 1.080882352941177696e-02
1.784313725490196179e+00 8.940631808278858006e-03
1.798039215686274561e+00 7.072440087145968543e-03
1.811764705882352944e+00 5.204248366013079947e-03
1.825490196078431326e+00 3.336056644880189617e-03
1.839215686274509709e+00 1.467864923747301672e-03
1.852941176470588314e+00 0.000000000000000000e+00
1.866666666666666696e+00 0.000000000000000000e+00
1.880392156862745079e+00 0.000000000000000000e+00
1.894117647058823461e+00 0.000000000000000000e+00
1.907843137254902066e+00 0.000000000000000000e+00
1.921568627450980449e+00 0.000000000000000000e+00
1.935294117647058831e+00 0.000000000000000000e+00
1.949019607843137214e+00 0.000000000000000000e+00
1.962745098039215597e+00 0.000000000000000000e+00
1.976470588235294201e+00 0.000000000000000000e+00
1.990196078431372584e+00 0.000000000000000000e+00
2.003921568627450966e+00 0.000000000000000000e+00
2.017647058823529349e+00 0.000000000000000000e+00
2.031372549019607732e+00 0.000000000000000000e+00
2.045098039215686114e+00 0.000000000000000000e+00
2.058823529411764497e+00 0.000000000000000000e+00
2.072549019607843324e+00 0.000000000000000000e+00
2.086274509803921706e+00 0.000000000000000000e+00
2.100000000000000089e+00 0.000000000000000000e+00
2.113725490196078471e+00 0.000000000000000000e+00
2.127450980392156854e+00 0.000000000000000000e+00
2.141176470588235237e+00 0.000000000000000000e+00
2.154901960784313619e+00 0.000000000000000000e+00
2.168627450980392002e+00 0.000000000000000000e+00
2.182352941176470384e+00 0.000000000000000000e+00
2.196078431372549211e+00 0.000000000000000000e+00
2.209803921568627594e+00 0.000000000000000000e+00
2.223529411764705976e+00 0.000000000000000000e+00
2.237254901960784359e+00 0.000000000000000000e+00
2.250980392156862742e+00 0.000000000000000000e+00
2.264705882352941124e+00 0.000000000000000000e+00
2.278431372549019507e+00 0.000000000000000000e+00
2.292156862745097889e+00 0.000000000000000000e+00
2.305882352941176272e+00 0.000000000000000000e+00
2.319607843137255099e+00 0.000000000000000000e+00
2.333333333333333481e+00 0.000000000000000000e+00
2.347058823529411864e+00 0.000000000000000000e+00
2.360784313725490247e+00 0.000000000000000000e+00
2.374509803921568629e+00 0.000000000000000000e+00
2.388235294117647012e+00 0.000000000000000000e+00
2.401960784313725394e+00 0.000000000000000000e+00
2.415686274509803777e+00 0.000000000000000000e+00
2.429411764705882160e+00 0.000000000000000000e+00
2.443137254901960986e+00 0.000000000000000000e+00
2.456862745098039369e+00 0.000000000000000000e+00
2.470588235294117752e+00 0.000000000000000000e+00
2.484313725490196134e+00 0.000000000000000000e+00
2.498039215686274517e+00 0.000000000000000000e+00
2.511764705882352899e+00 0.000000000000000000e+00
2.525490196078431282e+00 0.000000000000000000e+00
2.539215686274509665e+00 0.000000000000000000e+00
2.552941176470588047e+00 0.000000000000000000e+00
2.566666666666666874e+00 0.000000000000000000e+00
2.580392156862745257e+00 0.000000000000000000e+00
2.594117647058823639e+00 0.000000000000000000e+00
2.607843137254902022e+00 0.000000000000000000e+00
2.621568627450980404e+00 0.000000000000000000e+00
2.635294117647058787e+00 0.000000000000000000e+00
2.649019607843137170e+00 0.000000000000000000e+00
2.662745098039215552e+00 0.000000000000000000e+00
2.676470588235293935e+00 0.000000000000000000e+00
2.690196078431372761e+00 0.000000000000000000e+00
2.703921568627451144e+00 0.000000000000000000e+00
2.717647058823529527e+00 0.000000000000000000e+00
2.731372549019607909e+00 0.000000000000000000e+00
2.745098039215686292e+00 0.000000000000000000e+00
2.758823529411764675e+00 0.000000000000000000e+00
2.772549019607843057e+00 0.000000000000000000e+00
2.786274509803921440e+00 0.000000000000000000e+00
2.799999999999999822e+00 0.000000000000000000e+00
2.813725490196078649e+00 0.000000000000000000e+00
2.827450980392157032e+00 0.000000000000000000e+00
2.841176470588235414e+00 0.000000000000000000e+00
2.854901960784313797e+00 0.000000000000000000e+00
2.868627450980392180e+00 0.000000000000000000e+00
2.882352941176470562e+00 0.000000000000000000e+00
2.896078431372548945e+00 0.000000000000000000e+00
2.909803921568627327e+00 0.000000000000000000e+00
2.923529411764705710e+00 0.000000000000000000e+00
2.937254901960784093e+00 0.000000000000000000e+00
2.950980392156862919e+00 0.000000000000000000e+00
2.964705882352941302e+00 0.000000000000000000e+00
2.978431372549019684e+00 0.000000000000000000e+00
2.992156862745098067e+00 0.000000000000000000e+00
3.005882352941176450e+00 0.000000000000000000e+00
3.019607843137254832e+00 0.000000000000000000e+00
3.033333333333333215e+00 0.000000000000000000e+00
3.047058823529411598e+00 0.000000000000000000e+00
3.060784313725489980e+00 0.000000000000000000e+00
3.074509803921568807e+00 0.000000000000000000e+00
3.088235294117647189e+00 0.000000000000000000e+00
3.101960784313725572e+00 0.000000000000000000e+00
3.115686274509803955e+00 0.000000000000000000e+00
3.129411764705882337e+00 0.000000000000000000e+00
3.143137254901960720e+00 0.000000000000000000e+00
3.156862745098039102e+00 0.000000000000000000e+00
3.170588235294117485e+00 0.000000000000000000e+00
3.184313725490195868e+00 0.000000000000000000e+00
3.198039215686274694e+00 0.000000000000000000e+00
3.211764705882353077e+00 0.000000000000000000e+00
3.225490196078431460e+00 0.000000000000000000e+00
3.239215686274509842e+00 0.000000000000000000e+00
3.252941176470588225e+00 0.000000000000000000e+00
3.266666666666666607e+00 0.000000000000000000e+00
3.280392156862744990e+00 0.000000000000000000e+00
3.294117647058823373e+00 0.000000000000000000e+00
3.307843137254901755e+00 0.000000000000000000e+00
3.321568627450980582e+00 0.000000000000000000e+00
3.335294117647058965e+00 0.000000000000000000e+00
3.349019607843137347e+00 0.000000000000000000e+00
3.362745098039215730e+00 0.000000000000000000e+00
3.376470588235294112e+00 0.000000000000000000e+00
3.390196078431372495e+00 0.000000000000000000e+00
3.403921568627450878e+00 0.000000000000000000e+00
3.417647058823529260e+00 0.000000000000000000e+00
3.431372549019607643e+00 0.000000000000000000e+00
3.445098039215686470e+00 0.000000000000000000e+00
3.458823529411764852e+00 0.000000000000000000e+00
3.472549019607843235e+00 0.000000000000000000e+00
3.486274509803921617e+00 0.000000000000000000e+00
3.500000000000000000e+00 0.000000000000000000e+00
