0.000000000000000000e+00 1.000000000000000000e+00
9.775171065493646130e-04 1.000977517106549364e+00
1.955034213098729226e-03 1.001955034213098727e+00
2.932551319648093839e-03 1.002932551319648091e+00
3.910068426197458452e-03 1.003910068426197455e+00
4.887585532746823065e-03 1.004887585532746819e+00
5.865102639296187678e-03 1.005865102639296182e+00
6.842619745845552291e-03 1.006842619745845546e+00
7.820136852394916904e-03 1.007820136852394910e+00
8.797653958944280650e-03 1.008797653958944274e+00
9.775171065493646130e-03 1.009775171065493637e+00
1.075268817204301161e-02 1.010752688172043001e+00
1.173020527859237536e-02 1.011730205278592365e+00
1.270772238514173910e-02 1.012707722385141729e+00
1.368523949169110458e-02 1.013685239491691092e+00
1.466275659824047006e-02 1.014662756598240456e+00
1.564027370478983381e-02 1.015640273704789820e+00
1.661779081133919755e-02 1.016617790811339184e+00
1.759530791788856130e-02 1.017595307917888547e+00
1.857282502443792851e-02 1.018572825024437911e+00
1.955034213098729226e-02 1.019550342130987275e+00
2.052785923753665601e-02 1.020527859237536639e+00
2.150537634408602322e-02 1.021505376344086002e+00
2.248289345063538697e-02 1.022482893450635366e+00
2.346041055718475071e-02 1.023460410557184730e+00
2.443792766373411446e-02 1.024437927663734094e+00
2.541544477028347820e-02 1.025415444770283457e+00
2.639296187683284542e-02 1.026392961876832821e+00
2.737047898338220916e-02 1.027370478983382185e+00
2.834799608993157291e-02 1.028347996089931549e+00
2.932551319648094013e-02 1.029325513196480912e+00
3.030303030303030387e-02 1.030303030303030276e+00
3.128054740957966762e-02 1.031280547409579640e+00
3.225806451612903136e-02 1.032258064516129004e+00
3.323558162267839511e-02 1.033235581622678367e+00
3.421309872922775885e-02 1.034213098729227731e+00
3.519061583577712260e-02 1.035190615835777095e+00
3.616813294232649328e-02 1.036168132942326459e+00
3.714565004887585703e-02 1.037145650048875822e+00
3.812316715542522078e-02 1.038123167155425186e+00
3.910068426197458452e-02 1.039100684261974550e+00
4.007820136852394827e-02 1.040078201368523914e+00
4.105571847507331201e-02 1.041055718475073277e+00
4.203323558162267576e-02 1.042033235581622641e+00
4.301075268817204644e-02 1.043010752688172005e+00
4.398826979472141019e-02 1.043988269794721369e+00
4.496578690127077393e-02 1.044965786901270732e+00
4.594330400782013768e-02 1.045943304007820096e+00
4.692082111436950143e-02 1.046920821114369460e+00
4.789833822091886517e-02 1.047898338220918824e+00
4.887585532746822892e-02 1.048875855327468187e+00
4.985337243401759266e-02 1.049853372434017551e+00
5.083088954056695641e-02 1.050830889540566915e+00
5.180840664711632709e-02 1.051808406647116279e+00
5.278592375366569084e-02 1.052785923753665642e+00
5.376344086021505458e-02 1.053763440860215006e+00
5.474095796676441833e-02 1.054740957966764370e+00
5.571847507331378208e-02 1.055718475073313734e+00
5.669599217986314582e-02 1.056695992179863097e+00
5.767350928641250957e-02 1.057673509286412461e+00
5.865102639296188025e-02 1.058651026392961825e+00
5.962854349951124400e-02 1.059628543499511188e+00
6.060606060606060774e-02 1.060606060606060552e+00
6.158357771260997149e-02 1.061583577712609916e+00
6.256109481915933523e-02 1.062561094819159280e+00
6.353861192570869898e-02 1.063538611925708643e+00
6.451612903225806273e-02 1.064516129032258007e+00
6.549364613880742647e-02 1.065493646138807371e+00
6.647116324535679022e-02 1.066471163245356735e+00
6.744868035190615396e-02 1.067448680351906098e+00
6.842619745845551771e-02 1.068426197458455462e+00
6.940371456500488145e-02 1.069403714565004826e+00
7.038123167155424520e-02 1.070381231671554190e+00
7.135874877810362282e-02 1.071358748778103553e+00
7.233626588465298657e-02 1.072336265884652917e+00
7.331378299120235031e-02 1.073313782991202281e+00
7.429130009775171406e-02 1.074291300097751645e+00
7.526881720430107781e-02 1.075268817204301008e+00
7.624633431085044155e-02 1.076246334310850372e+00
7.722385141739980530e-02 1.077223851417399736e+00
7.820136852394916904e-02 1.078201368523949100e+00
7.917888563049853279e-02 1.079178885630498463e+00
8.015640273704789653e-02 1.080156402737047827e+00
8.113391984359726028e-02 1.081133919843597191e+00
8.211143695014662403e-02 1.082111436950146555e+00
8.308895405669598777e-02 1.083088954056695918e+00
8.406647116324535152e-02 1.084066471163245282e+00
8.504398826979471526e-02 1.085043988269794646e+00
8.602150537634409289e-02 1.086021505376344010e+00
8.699902248289345663e-02 1.086999022482893373e+00
8.797653958944282038e-02 1.087976539589442737e+00
8.895405669599218412e-02 1.088954056695992101e+00
8.993157380254154787e-02 1.089931573802541465e+00
9.090909090909091161e-02 1.090909090909090828e+00
9.188660801564027536e-02 1.091886608015640192e+00
9.286412512218963911e-02 1.092864125122189556e+00
9.384164222873900285e-02 1.093841642228738920e+00
9.481915933528836660e-02 1.094819159335288283e+00
9.579667644183773034e-02 1.095796676441837647e+00
9.677419354838709409e-02 1.096774193548387011e+00
9.775171065493645783e-02 1.097751710654936375e+00
9.872922776148582158e-02 1.098729227761485738e+00
9.970674486803518533e-02 1.099706744868035102e+00
1.006842619745845491e-01 1.100684261974584466e+00
1.016617790811339128e-01 1.101661779081133830e+00
1.026392961876832904e-01 1.102639296187683193e+00
1.036168132942326542e-01 1.103616813294232557e+00
1.045943304007820179e-01 1.104594330400781921e+00
1.055718475073313817e-01 1.105571847507331285e+00
1.065493646138807454e-01 1.106549364613880648e+00
1.075268817204301092e-01 1.107526881720430012e+00
1.085043988269794729e-01 1.108504398826979376e+00
1.094819159335288367e-01 1.109481915933528740e+00
1.104594330400782004e-01 1.110459433040078103e+00
1.114369501466275642e-01 1.111436950146627467e+00
1.124144672531769279e-01 1.112414467253176831e+00
1.133919843597262916e-01 1.113391984359726194e+00
1.143695014662756554e-01 1.114369501466275558e+00
1.153470185728250191e-01 1.115347018572824922e+00
1.163245356793743829e-01 1.116324535679374286e+00
1.173020527859237605e-01 1.117302052785923649e+00
1.182795698924731242e-01 1.118279569892473013e+00
1.192570869990224880e-01 1.119257086999022377e+00
1.202346041055718517e-01 1.120234604105571741e+00
1.212121212121212155e-01 1.121212121212121104e+00
1.221896383186705792e-01 1.122189638318670468e+00
1.231671554252199430e-01 1.123167155425219832e+00
1.241446725317693067e-01 1.124144672531769196e+00
1.251221896383186705e-01 1.125122189638318559e+00
1.260997067448680342e-01 1.126099706744867923e+00
1.270772238514173980e-01 1.127077223851417287e+00
1.280547409579667617e-01 1.128054740957966651e+00
1.290322580645161255e-01 1.129032258064516014e+00
1.300097751710654892e-01 1.130009775171065378e+00
1.309872922776148529e-01 1.130987292277614742e+00
1.319648093841642167e-01 1.131964809384164106e+00
1.329423264907135804e-01 1.132942326490713469e+00
1.339198435972629442e-01 1.133919843597262833e+00
1.348973607038123079e-01 1.134897360703812197e+00
1.358748778103616717e-01 1.135874877810361561e+00
1.368523949169110354e-01 1.136852394916910924e+00
1.378299120234603992e-01 1.137829912023460288e+00
1.388074291300097629e-01 1.138807429130009652e+00
1.397849462365591267e-01 1.139784946236559016e+00
1.407624633431084904e-01 1.140762463343108379e+00
1.417399804496578819e-01 1.141739980449657965e+00
1.427174975562072456e-01 1.142717497556207329e+00
1.436950146627566094e-01 1.143695014662756693e+00
1.446725317693059731e-01 1.144672531769306056e+00
1.456500488758553369e-01 1.145650048875855420e+00
1.466275659824047006e-01 1.146627565982404784e+00
1.476050830889540644e-01 1.147605083088954148e+00
1.485826001955034281e-01 1.148582600195503511e+00
1.495601173020527919e-01 1.149560117302052875e+00
1.505376344086021556e-01 1.150537634408602239e+00
1.515151515151515194e-01 1.151515151515151603e+00
1.524926686217008831e-01 1.152492668621700966e+00
1.534701857282502468e-01 1.153470185728250330e+00
1.544477028347996106e-01 1.154447702834799694e+00
1.554252199413489743e-01 1.155425219941349058e+00
1.564027370478983381e-01 1.156402737047898421e+00
1.573802541544477018e-01 1.157380254154447785e+00
1.583577712609970656e-01 1.158357771260997149e+00
1.593352883675464293e-01 1.159335288367546513e+00
1.603128054740957931e-01 1.160312805474095876e+00
1.612903225806451568e-01 1.161290322580645240e+00
1.622678396871945206e-01 1.162267839687194604e+00
1.632453567937438843e-01 1.163245356793743968e+00
1.642228739002932481e-01 1.164222873900293331e+00
1.652003910068426118e-01 1.165200391006842695e+00
1.661779081133919755e-01 1.166177908113392059e+00
1.671554252199413393e-01 1.167155425219941423e+00
1.681329423264907030e-01 1.168132942326490786e+00
1.691104594330400668e-01 1.169110459433040150e+00
1.700879765395894305e-01 1.170087976539589514e+00
1.710654936461387943e-01 1.171065493646138878e+00
1.720430107526881858e-01 1.172043010752688241e+00
1.730205278592375495e-01 1.173020527859237605e+00
1.739980449657869133e-01 1.173998044965786969e+00
1.749755620723362770e-01 1.174975562072336333e+00
1.759530791788856408e-01 1.175953079178885696e+00
1.769305962854350045e-01 1.176930596285435060e+00
1.779081133919843682e-01 1.177908113391984424e+00
1.788856304985337320e-01 1.178885630498533788e+00
1.798631476050830957e-01 1.179863147605083151e+00
1.808406647116324595e-01 1.180840664711632515e+00
1.818181818181818232e-01 1.181818181818181879e+00
1.827956989247311870e-01 1.182795698924731242e+00
1.837732160312805507e-01 1.183773216031280606e+00
1.847507331378299145e-01 1.184750733137829970e+00
1.857282502443792782e-01 1.185728250244379334e+00
1.867057673509286420e-01 1.186705767350928697e+00
1.876832844574780057e-01 1.187683284457478061e+00
1.886608015640273694e-01 1.188660801564027425e+00
1.896383186705767332e-01 1.189638318670576789e+00
1.906158357771260969e-01 1.190615835777126152e+00
1.915933528836754607e-01 1.191593352883675516e+00
1.925708699902248244e-01 1.192570869990224880e+00
1.935483870967741882e-01 1.193548387096774244e+00
1.945259042033235519e-01 1.194525904203323607e+00
1.955034213098729157e-01 1.195503421309872971e+00
1.964809384164222794e-01 1.196480938416422335e+00
1.974584555229716432e-01 1.197458455522971699e+00
1.984359726295210069e-01 1.198435972629521062e+00
1.994134897360703707e-01 1.199413489736070426e+00
2.003910068426197344e-01 1.200391006842619790e+00
2.013685239491690981e-01 1.201368523949169154e+00
2.023460410557184619e-01 1.202346041055718517e+00
2.033235581622678256e-01 1.203323558162267881e+00
2.043010752688172171e-01 1.204301075268817245e+00
2.052785923753665809e-01 1.205278592375366609e+00
2.062561094819159446e-01 1.206256109481915972e+00
2.072336265884653084e-01 1.207233626588465336e+00
2.082111436950146721e-01 1.208211143695014700e+00
2.091886608015640359e-01 1.209188660801564064e+00
2.101661779081133996e-01 1.210166177908113427e+00
2.111436950146627634e-01 1.211143695014662791e+00
2.121212121212121271e-01 1.212121212121212155e+00
2.130987292277614908e-01 1.213098729227761519e+00
2.140762463343108546e-01 1.214076246334310882e+00
2.150537634408602183e-01 1.215053763440860246e+00
2.160312805474095821e-01 1.216031280547409610e+00
2.170087976539589458e-01 1.217008797653958974e+00
2.179863147605083096e-01 1.217986314760508337e+00
2.189638318670576733e-01 1.218963831867057701e+00
2.199413489736070371e-01 1.219941348973607065e+00
2.209188660801564008e-01 1.220918866080156429e+00
2.218963831867057646e-01 1.221896383186705792e+00
2.228739002932551283e-01 1.222873900293255156e+00
2.238514173998044920e-01 1.223851417399804520e+00
2.248289345063538558e-01 1.224828934506353884e+00
2.258064516129032195e-01 1.225806451612903247e+00
2.267839687194525833e-01 1.226783968719452611e+00
2.277614858260019470e-01 1.227761485826001975e+00
2.287390029325513108e-01 1.228739002932551339e+00
2.297165200391006745e-01 1.229716520039100702e+00
2.306940371456500383e-01 1.230694037145650066e+00
2.316715542521994020e-01 1.231671554252199430e+00
2.326490713587487658e-01 1.232649071358748794e+00
2.336265884652981295e-01 1.233626588465298157e+00
2.346041055718475210e-01 1.234604105571847521e+00
2.355816226783968848e-01 1.235581622678396885e+00
2.365591397849462485e-01 1.236559139784946248e+00
2.375366568914956122e-01 1.237536656891495612e+00
2.385141739980449760e-01 1.238514173998044976e+00
2.394916911045943397e-01 1.239491691104594340e+00
2.404692082111437035e-01 1.240469208211143703e+00
2.414467253176930672e-01 1.241446725317693067e+00
2.424242424242424310e-01 1.242424242424242431e+00
2.434017595307917947e-01 1.243401759530791795e+00
2.443792766373411585e-01 1.244379276637341158e+00
2.453567937438905222e-01 1.245356793743890522e+00
2.463343108504398860e-01 1.246334310850439886e+00
2.473118279569892497e-01 1.247311827956989250e+00
2.482893450635386134e-01 1.248289345063538613e+00
2.492668621700879772e-01 1.249266862170087977e+00
2.502443792766373409e-01 1.250244379276637341e+00
2.512218963831867047e-01 1.251221896383186705e+00
2.521994134897360684e-01 1.252199413489736068e+00
2.531769305962854322e-01 1.253176930596285432e+00
2.541544477028347959e-01 1.254154447702834796e+00
2.551319648093841597e-01 1.255131964809384160e+00
2.561094819159335234e-01 1.256109481915933523e+00
2.570869990224828872e-01 1.257086999022482887e+00
2.580645161290322509e-01 1.258064516129032251e+00
2.590420332355816146e-01 1.259042033235581615e+00
2.600195503421309784e-01 1.260019550342130978e+00
2.609970674486803421e-01 1.260997067448680342e+00
2.619745845552297059e-01 1.261974584555229706e+00
2.629521016617790696e-01 1.262952101661779070e+00
2.639296187683284334e-01 1.263929618768328433e+00
2.649071358748777971e-01 1.264907135874877797e+00
2.658846529814271609e-01 1.265884652981427161e+00
2.668621700879765246e-01 1.266862170087976525e+00
2.678396871945258884e-01 1.267839687194525888e+00
2.688172043010752521e-01 1.268817204301075252e+00
2.697947214076246158e-01 1.269794721407624616e+00
2.707722385141739796e-01 1.270772238514173980e+00
2.717497556207233433e-01 1.271749755620723343e+00
2.727272727272727071e-01 1.272727272727272707e+00
2.737047898338220708e-01 1.273704789833822071e+00
2.746823069403714346e-01 1.274682306940371435e+00
2.756598240469207983e-01 1.275659824046920798e+00
2.766373411534701621e-01 1.276637341153470162e+00
2.776148582600195258e-01 1.277614858260019526e+00
2.785923753665688896e-01 1.278592375366568890e+00
2.795698924731182533e-01 1.279569892473118253e+00
2.805474095796676171e-01 1.280547409579667617e+00
2.815249266862169808e-01 1.281524926686216981e+00
2.825024437927664001e-01 1.282502443792766345e+00
2.834799608993157638e-01 1.283479960899315708e+00
2.844574780058651275e-01 1.284457478005865072e+00
2.854349951124144913e-01 1.285434995112414436e+00
2.864125122189638550e-01 1.286412512218963800e+00
2.873900293255132188e-01 1.287390029325513163e+00
2.883675464320625825e-01 1.288367546432062527e+00
2.893450635386119463e-01 1.289345063538611891e+00
2.903225806451613100e-01 1.290322580645161255e+00
2.913000977517106738e-01 1.291300097751710618e+00
2.922776148582600375e-01 1.292277614858259982e+00
2.932551319648094013e-01 1.293255131964809346e+00
2.942326490713587650e-01 1.294232649071358709e+00
2.952101661779081287e-01 1.295210166177908073e+00
2.961876832844574925e-01 1.296187683284457437e+00
2.971652003910068562e-01 1.297165200391006801e+00
2.981427174975562200e-01 1.298142717497556164e+00
2.991202346041055837e-01 1.299120234604105528e+00
3.000977517106549475e-01 1.300097751710654892e+00
3.010752688172043112e-01 1.301075268817204256e+00
3.020527859237536750e-01 1.302052785923753619e+00
3.030303030303030387e-01 1.303030303030302983e+00
3.040078201368524025e-01 1.304007820136852347e+00
3.049853372434017662e-01 1.304985337243401711e+00
3.059628543499511300e-01 1.305962854349951074e+00
3.069403714565004937e-01 1.306940371456500438e+00
3.079178885630498574e-01 1.307917888563049802e+00
3.088954056695992212e-01 1.308895405669599166e+00
3.098729227761485849e-01 1.309872922776148529e+00
3.108504398826979487e-01 1.310850439882697893e+00
3.118279569892473124e-01 1.311827956989247257e+00
3.128054740957966762e-01 1.312805474095796621e+00
3.137829912023460399e-01 1.313782991202345984e+00
3.147605083088954037e-01 1.314760508308895348e+00
3.157380254154447674e-01 1.315738025415444712e+00
3.167155425219941312e-01 1.316715542521994076e+00
3.176930596285434949e-01 1.317693059628543439e+00
3.186705767350928586e-01 1.318670576735092803e+00
3.196480938416422224e-01 1.319648093841642167e+00
3.206256109481915861e-01 1.320625610948191531e+00
3.216031280547409499e-01 1.321603128054740894e+00
3.225806451612903136e-01 1.322580645161290258e+00
3.235581622678396774e-01 1.323558162267839622e+00
3.245356793743890411e-01 1.324535679374388986e+00
3.255131964809384049e-01 1.325513196480938349e+00
3.264907135874877686e-01 1.326490713587487713e+00
3.274682306940371324e-01 1.327468230694037077e+00
3.284457478005864961e-01 1.328445747800586441e+00
3.294232649071358598e-01 1.329423264907135804e+00
3.304007820136852236e-01 1.330400782013685168e+00
3.313782991202345873e-01 1.331378299120234532e+00
3.323558162267839511e-01 1.332355816226783896e+00
3.333333333333333148e-01 1.333333333333333259e+00
3.343108504398826786e-01 1.334310850439882623e+00
3.352883675464320423e-01 1.335288367546431987e+00
3.362658846529814061e-01 1.336265884652981351e+00
3.372434017595307698e-01 1.337243401759530714e+00
3.382209188660801336e-01 1.338220918866080078e+00
3.391984359726294973e-01 1.339198435972629442e+00
3.401759530791788610e-01 1.340175953079178806e+00
3.411534701857282248e-01 1.341153470185728169e+00
3.421309872922775885e-01 1.342130987292277533e+00
3.431085043988269523e-01 1.343108504398826897e+00
3.440860215053763715e-01 1.344086021505376483e+00
3.450635386119257353e-01 1.345063538611925846e+00
3.460410557184750990e-01 1.346041055718475210e+00
3.470185728250244628e-01 1.347018572825024574e+00
3.479960899315738265e-01 1.347996089931573938e+00
3.489736070381231903e-01 1.348973607038123301e+00
3.499511241446725540e-01 1.349951124144672665e+00
3.509286412512219178e-01 1.350928641251222029e+00
3.519061583577712815e-01 1.351906158357771393e+00
3.528836754643206453e-01 1.352883675464320756e+00
3.538611925708700090e-01 1.353861192570870120e+00
3.548387096774193727e-01 1.354838709677419484e+00
3.558162267839687365e-01 1.355816226783968848e+00
3.567937438905181002e-01 1.356793743890518211e+00
3.577712609970674640e-01 1.357771260997067575e+00
3.587487781036168277e-01 1.358748778103616939e+00
3.597262952101661915e-01 1.359726295210166302e+00
3.607038123167155552e-01 1.360703812316715666e+00
3.616813294232649190e-01 1.361681329423265030e+00
3.626588465298142827e-01 1.362658846529814394e+00
3.636363636363636465e-01 1.363636363636363757e+00
3.646138807429130102e-01 1.364613880742913121e+00
3.655913978494623739e-01 1.365591397849462485e+00
3.665689149560117377e-01 1.366568914956011849e+00
3.675464320625611014e-01 1.367546432062561212e+00
3.685239491691104652e-01 1.368523949169110576e+00
3.695014662756598289e-01 1.369501466275659940e+00
3.704789833822091927e-01 1.370478983382209304e+00
3.714565004887585564e-01 1.371456500488758667e+00
3.724340175953079202e-01 1.372434017595308031e+00
3.734115347018572839e-01 1.373411534701857395e+00
3.743890518084066477e-01 1.374389051808406759e+00
3.753665689149560114e-01 1.375366568914956122e+00
3.763440860215053752e-01 1.376344086021505486e+00
3.773216031280547389e-01 1.377321603128054850e+00
3.782991202346041026e-01 1.378299120234604214e+00
3.792766373411534664e-01 1.379276637341153577e+00
3.802541544477028301e-01 1.380254154447702941e+00
3.812316715542521939e-01 1.381231671554252305e+00
3.822091886608015576e-01 1.382209188660801669e+00
3.831867057673509214e-01 1.383186705767351032e+00
3.841642228739002851e-01 1.384164222873900396e+00
3.851417399804496489e-01 1.385141739980449760e+00
3.861192570869990126e-01 1.386119257086999124e+00
3.870967741935483764e-01 1.387096774193548487e+00
3.880742913000977401e-01 1.388074291300097851e+00
3.890518084066471038e-01 1.389051808406647215e+00
3.900293255131964676e-01 1.390029325513196579e+00
3.910068426197458313e-01 1.391006842619745942e+00
3.919843597262951951e-01 1.391984359726295306e+00
3.929618768328445588e-01 1.392961876832844670e+00
3.939393939393939226e-01 1.393939393939394034e+00
3.949169110459432863e-01 1.394916911045943397e+00
3.958944281524926501e-01 1.395894428152492761e+00
3.968719452590420138e-01 1.396871945259042125e+00
3.978494623655913776e-01 1.397849462365591489e+00
3.988269794721407413e-01 1.398826979472140852e+00
3.998044965786901050e-01 1.399804496578690216e+00
4.007820136852394688e-01 1.400782013685239580e+00
4.017595307917888325e-01 1.401759530791788944e+00
4.027370478983381963e-01 1.402737047898338307e+00
4.037145650048875600e-01 1.403714565004887671e+00
4.046920821114369238e-01 1.404692082111437035e+00
4.056695992179862875e-01 1.405669599217986399e+00
4.066471163245356513e-01 1.406647116324535762e+00
4.076246334310850705e-01 1.407624633431085126e+00
4.086021505376344343e-01 1.408602150537634490e+00
4.095796676441837980e-01 1.409579667644183854e+00
4.105571847507331618e-01 1.410557184750733217e+00
4.115347018572825255e-01 1.411534701857282581e+00
4.125122189638318893e-01 1.412512218963831945e+00
4.134897360703812530e-01 1.413489736070381309e+00
4.144672531769306167e-01 1.414467253176930672e+00
4.154447702834799805e-01 1.415444770283480036e+00
4.164222873900293442e-01 1.416422287390029400e+00
4.173998044965787080e-01 1.417399804496578763e+00
4.183773216031280717e-01 1.418377321603128127e+00
4.193548387096774355e-01 1.419354838709677491e+00
4.203323558162267992e-01 1.420332355816226855e+00
4.213098729227761630e-01 1.421309872922776218e+00
4.222873900293255267e-01 1.422287390029325582e+00
4.232649071358748905e-01 1.423264907135874946e+00
4.242424242424242542e-01 1.424242424242424310e+00
4.252199413489736179e-01 1.425219941348973673e+00
4.261974584555229817e-01 1.426197458455523037e+00
4.271749755620723454e-01 1.427174975562072401e+00
4.281524926686217092e-01 1.428152492668621765e+00
4.291300097751710729e-01 1.429130009775171128e+00
4.301075268817204367e-01 1.430107526881720492e+00
4.310850439882698004e-01 1.431085043988269856e+00
4.320625610948191642e-01 1.432062561094819220e+00
4.330400782013685279e-01 1.433040078201368583e+00
4.340175953079178917e-01 1.434017595307917947e+00
4.349951124144672554e-01 1.434995112414467311e+00
4.359726295210166191e-01 1.435972629521016675e+00
4.369501466275659829e-01 1.436950146627566038e+00
4.379276637341153466e-01 1.437927663734115402e+00
4.389051808406647104e-01 1.438905180840664766e+00
4.398826979472140741e-01 1.439882697947214130e+00
4.408602150537634379e-01 1.440860215053763493e+00
4.418377321603128016e-01 1.441837732160312857e+00
4.428152492668621654e-01 1.442815249266862221e+00
4.437927663734115291e-01 1.443792766373411585e+00
4.447702834799608929e-01 1.444770283479960948e+00
4.457478005865102566e-01 1.445747800586510312e+00
4.467253176930596203e-01 1.446725317693059676e+00
4.477028347996089841e-01 1.447702834799609040e+00
4.486803519061583478e-01 1.448680351906158403e+00
4.496578690127077116e-01 1.449657869012707767e+00
4.506353861192570753e-01 1.450635386119257131e+00
4.516129032258064391e-01 1.451612903225806495e+00
4.525904203323558028e-01 1.452590420332355858e+00
4.535679374389051666e-01 1.453567937438905222e+00
4.545454545454545303e-01 1.454545454545454586e+00
4.555229716520038941e-01 1.455522971652003950e+00
4.565004887585532578e-01 1.456500488758553313e+00
4.574780058651026216e-01 1.457478005865102677e+00
4.584555229716519853e-01 1.458455522971652041e+00
4.594330400782013490e-01 1.459433040078201405e+00
4.604105571847507128e-01 1.460410557184750768e+00
4.613880742913000765e-01 1.461388074291300132e+00
4.623655913978494403e-01 1.462365591397849496e+00
4.633431085043988040e-01 1.463343108504398860e+00
4.643206256109481678e-01 1.464320625610948223e+00
4.652981427174975315e-01 1.465298142717497587e+00
4.662756598240468953e-01 1.466275659824046951e+00
4.672531769305962590e-01 1.467253176930596315e+00
4.682306940371456228e-01 1.468230694037145678e+00
4.692082111436950420e-01 1.469208211143695042e+00
4.701857282502444058e-01 1.470185728250244406e+00
4.711632453567937695e-01 1.471163245356793770e+00
4.721407624633431332e-01 1.472140762463343133e+00
4.731182795698924970e-01 1.473118279569892497e+00
4.740957966764418607e-01 1.474095796676441861e+00
4.750733137829912245e-01 1.475073313782991224e+00
4.760508308895405882e-01 1.476050830889540588e+00
4.770283479960899520e-01 1.477028347996089952e+00
4.780058651026393157e-01 1.478005865102639316e+00
4.789833822091886795e-01 1.478983382209188679e+00
4.799608993157380432e-01 1.479960899315738043e+00
4.809384164222874070e-01 1.480938416422287407e+00
4.819159335288367707e-01 1.481915933528836771e+00
4.828934506353861345e-01 1.482893450635386134e+00
4.838709677419354982e-01 1.483870967741935498e+00
4.848484848484848619e-01 1.484848484848484862e+00
4.858260019550342257e-01 1.485826001955034226e+00
4.868035190615835894e-01 1.486803519061583589e+00
4.877810361681329532e-01 1.487781036168132953e+00
4.887585532746823169e-01 1.488758553274682317e+00
4.897360703812316807e-01 1.489736070381231681e+00
4.907135874877810444e-01 1.490713587487781044e+00
4.916911045943304082e-01 1.491691104594330408e+00
4.926686217008797719e-01 1.492668621700879772e+00
4.936461388074291357e-01 1.493646138807429136e+00
4.946236559139784994e-01 1.494623655913978499e+00
4.956011730205278631e-01 1.495601173020527863e+00
4.965786901270772269e-01 1.496578690127077227e+00
4.975562072336265906e-01 1.497556207233626591e+00
4.985337243401759544e-01 1.498533724340175954e+00
4.995112414467253181e-01 1.499511241446725318e+00
5.004887585532746819e-01 1.500488758553274682e+00
5.014662756598240456e-01 1.501466275659824046e+00
5.024437927663734094e-01 1.502443792766373409e+00
5.034213098729227731e-01 1.503421309872922773e+00
5.043988269794721369e-01 1.504398826979472137e+00
5.053763440860215006e-01 1.505376344086021501e+00
5.063538611925708643e-01 1.506353861192570864e+00
5.073313782991202281e-01 1.507331378299120228e+00
5.083088954056695918e-01 1.508308895405669592e+00
5.092864125122189556e-01 1.509286412512218956e+00
5.102639296187683193e-01 1.510263929618768319e+00
5.112414467253176831e-01 1.511241446725317683e+00
5.122189638318670468e-01 1.512218963831867047e+00
5.131964809384164106e-01 1.513196480938416411e+00
5.141739980449657743e-01 1.514173998044965774e+00
5.151515151515151381e-01 1.515151515151515138e+00
5.161290322580645018e-01 1.516129032258064502e+00
5.171065493646138655e-01 1.517106549364613866e+00
5.180840664711632293e-01 1.518084066471163229e+00
5.190615835777125930e-01 1.519061583577712593e+00
5.200391006842619568e-01 1.520039100684261957e+00
5.210166177908113205e-01 1.521016617790811321e+00
5.219941348973606843e-01 1.521994134897360684e+00
5.229716520039100480e-01 1.522971652003910048e+00
5.239491691104594118e-01 1.523949169110459412e+00
5.249266862170087755e-01 1.524926686217008776e+00
5.259042033235581393e-01 1.525904203323558139e+00
5.268817204301075030e-01 1.526881720430107503e+00
5.278592375366568668e-01 1.527859237536656867e+00
5.288367546432062305e-01 1.528836754643206230e+00
5.298142717497555942e-01 1.529814271749755594e+00
5.307917888563049580e-01 1.530791788856304958e+00
5.317693059628543217e-01 1.531769305962854322e+00
5.327468230694036855e-01 1.532746823069403685e+00
5.337243401759530492e-01 1.533724340175953049e+00
5.347018572825024130e-01 1.534701857282502413e+00
5.356793743890517767e-01 1.535679374389051777e+00
5.366568914956011405e-01 1.536656891495601140e+00
5.376344086021505042e-01 1.537634408602150504e+00
5.386119257086998680e-01 1.538611925708699868e+00
5.395894428152492317e-01 1.539589442815249232e+00
5.405669599217985954e-01 1.540566959921798595e+00
5.415444770283479592e-01 1.541544477028347959e+00
5.425219941348973229e-01 1.542521994134897323e+00
5.434995112414466867e-01 1.543499511241446687e+00
5.444770283479960504e-01 1.544477028347996050e+00
5.454545454545454142e-01 1.545454545454545414e+00
5.464320625610947779e-01 1.546432062561094778e+00
5.474095796676441417e-01 1.547409579667644142e+00
5.483870967741935054e-01 1.548387096774193505e+00
5.493646138807428692e-01 1.549364613880742869e+00
5.503421309872922329e-01 1.550342130987292233e+00
5.513196480938415966e-01 1.551319648093841597e+00
5.522971652003909604e-01 1.552297165200390960e+00
5.532746823069403241e-01 1.553274682306940324e+00
5.542521994134896879e-01 1.554252199413489688e+00
5.552297165200390516e-01 1.555229716520039052e+00
5.562072336265884154e-01 1.556207233626588415e+00
5.571847507331377791e-01 1.557184750733137779e+00
5.581622678396871429e-01 1.558162267839687143e+00
5.591397849462365066e-01 1.559139784946236507e+00
5.601173020527858704e-01 1.560117302052785870e+00
5.610948191593352341e-01 1.561094819159335234e+00
5.620723362658845979e-01 1.562072336265884598e+00
5.630498533724339616e-01 1.563049853372433962e+00
5.640273704789834364e-01 1.564027370478983325e+00
5.650048875855328001e-01 1.565004887585532689e+00
5.659824046920821639e-01 1.565982404692082053e+00
5.669599217986315276e-01 1.566959921798631417e+00
5.679374389051808913e-01 1.567937438905180780e+00
5.689149560117302551e-01 1.568914956011730144e+00
5.698924731182796188e-01 1.569892473118279508e+00
5.708699902248289826e-01 1.570869990224828872e+00
5.718475073313783463e-01 1.571847507331378235e+00
5.728250244379277101e-01 1.572825024437927599e+00
5.738025415444770738e-01 1.573802541544476963e+00
5.747800586510264376e-01 1.574780058651026327e+00
5.757575757575758013e-01 1.575757575757575690e+00
5.767350928641251651e-01 1.576735092864125054e+00
5.777126099706745288e-01 1.577712609970674418e+00
5.786901270772238925e-01 1.578690127077223782e+00
5.796676441837732563e-01 1.579667644183773145e+00
5.806451612903226200e-01 1.580645161290322509e+00
5.816226783968719838e-01 1.581622678396871873e+00
5.826001955034213475e-01 1.582600195503421237e+00
5.835777126099707113e-01 1.583577712609970600e+00
5.845552297165200750e-01 1.584555229716519964e+00
5.855327468230694388e-01 1.585532746823069328e+00
5.865102639296188025e-01 1.586510263929618691e+00
5.874877810361681663e-01 1.587487781036168055e+00
5.884652981427175300e-01 1.588465298142717419e+00
5.894428152492668938e-01 1.589442815249266783e+00
5.904203323558162575e-01 1.590420332355816146e+00
5.913978494623656212e-01 1.591397849462365510e+00
5.923753665689149850e-01 1.592375366568914874e+00
5.933528836754643487e-01 1.593352883675464238e+00
5.943304007820137125e-01 1.594330400782013601e+00
5.953079178885630762e-01 1.595307917888562965e+00
5.962854349951124400e-01 1.596285434995112329e+00
5.972629521016618037e-01 1.597262952101661693e+00
5.982404692082111675e-01 1.598240469208211056e+00
5.992179863147605312e-01 1.599217986314760420e+00
6.001955034213098950e-01 1.600195503421309784e+00
6.011730205278592587e-01 1.601173020527859148e+00
6.021505376344086224e-01 1.602150537634408511e+00
6.031280547409579862e-01 1.603128054740957875e+00
6.041055718475073499e-01 1.604105571847507239e+00
6.050830889540567137e-01 1.605083088954056603e+00
6.060606060606060774e-01 1.606060606060605966e+00
6.070381231671554412e-01 1.607038123167155330e+00
6.080156402737048049e-01 1.608015640273704694e+00
6.089931573802541687e-01 1.608993157380254058e+00
6.099706744868035324e-01 1.609970674486803421e+00
6.109481915933528962e-01 1.610948191593352785e+00
6.119257086999022599e-01 1.611925708699902149e+00
6.129032258064516236e-01 1.612903225806451513e+00
6.138807429130009874e-01 1.613880742913000876e+00
6.148582600195503511e-01 1.614858260019550240e+00
6.158357771260997149e-01 1.615835777126099604e+00
6.168132942326490786e-01 1.616813294232648968e+00
6.177908113391984424e-01 1.617790811339198331e+00
6.187683284457478061e-01 1.618768328445747695e+00
6.197458455522971699e-01 1.619745845552297059e+00
6.207233626588465336e-01 1.620723362658846423e+00
6.217008797653958974e-01 1.621700879765395786e+00
6.226783968719452611e-01 1.622678396871945150e+00
6.236559139784946248e-01 1.623655913978494514e+00
6.246334310850439886e-01 1.624633431085043878e+00
6.256109481915933523e-01 1.625610948191593241e+00
6.265884652981427161e-01 1.626588465298142605e+00
6.275659824046920798e-01 1.627565982404691969e+00
6.285434995112414436e-01 1.628543499511241333e+00
6.295210166177908073e-01 1.629521016617790696e+00
6.304985337243401711e-01 1.630498533724340060e+00
6.314760508308895348e-01 1.631476050830889424e+00
6.324535679374388986e-01 1.632453567937438788e+00
6.334310850439882623e-01 1.633431085043988151e+00
6.344086021505376261e-01 1.634408602150537515e+00
6.353861192570869898e-01 1.635386119257086879e+00
6.363636363636363535e-01 1.636363636363636243e+00
6.373411534701857173e-01 1.637341153470185606e+00
6.383186705767350810e-01 1.638318670576734970e+00
6.392961876832844448e-01 1.639296187683284334e+00
6.402737047898338085e-01 1.640273704789833698e+00
6.412512218963831723e-01 1.641251221896383061e+00
6.422287390029325360e-01 1.642228739002932425e+00
6.432062561094818998e-01 1.643206256109481789e+00
6.441837732160312635e-01 1.644183773216031152e+00
6.451612903225806273e-01 1.645161290322580516e+00
6.461388074291299910e-01 1.646138807429129880e+00
6.471163245356793547e-01 1.647116324535679244e+00
6.480938416422287185e-01 1.648093841642228607e+00
6.490713587487780822e-01 1.649071358748777971e+00
6.500488758553274460e-01 1.650048875855327335e+00
6.510263929618768097e-01 1.651026392961876699e+00
6.520039100684261735e-01 1.652003910068426062e+00
6.529814271749755372e-01 1.652981427174975426e+00
6.539589442815249010e-01 1.653958944281524790e+00
6.549364613880742647e-01 1.654936461388074154e+00
6.559139784946236285e-01 1.655913978494623517e+00
6.568914956011729922e-01 1.656891495601172881e+00
6.578690127077223559e-01 1.657869012707722245e+00
6.588465298142717197e-01 1.658846529814271609e+00
6.598240469208210834e-01 1.659824046920820972e+00
6.608015640273704472e-01 1.660801564027370336e+00
6.617790811339198109e-01 1.661779081133919700e+00
6.627565982404691747e-01 1.662756598240469064e+00
6.637341153470185384e-01 1.663734115347018427e+00
6.647116324535679022e-01 1.664711632453567791e+00
6.656891495601172659e-01 1.665689149560117155e+00
6.666666666666666297e-01 1.666666666666666519e+00
6.676441837732159934e-01 1.667644183773215882e+00
6.686217008797653572e-01 1.668621700879765246e+00
6.695992179863147209e-01 1.669599217986314610e+00
6.705767350928640846e-01 1.670576735092863974e+00
6.715542521994134484e-01 1.671554252199413337e+00
6.725317693059628121e-01 1.672531769305962701e+00
6.735092864125121759e-01 1.673509286412512065e+00
6.744868035190615396e-01 1.674486803519061429e+00
6.754643206256109034e-01 1.675464320625610792e+00
6.764418377321602671e-01 1.676441837732160156e+00
6.774193548387096309e-01 1.677419354838709520e+00
6.783968719452589946e-01 1.678396871945258884e+00
6.793743890518083584e-01 1.679374389051808247e+00
6.803519061583577221e-01 1.680351906158357611e+00
6.813294232649070858e-01 1.681329423264906975e+00
6.823069403714564496e-01 1.682306940371456339e+00
6.832844574780058133e-01 1.683284457478005702e+00
6.842619745845551771e-01 1.684261974584555066e+00
6.852394916911045408e-01 1.685239491691104430e+00
6.862170087976539046e-01 1.686217008797653794e+00
6.871945259042032683e-01 1.687194525904203157e+00
6.881720430107527431e-01 1.688172043010752743e+00
6.891495601173021068e-01 1.689149560117302107e+00
6.901270772238514706e-01 1.690127077223851471e+00
6.911045943304008343e-01 1.691104594330400834e+00
6.920821114369501981e-01 1.692082111436950198e+00
6.930596285434995618e-01 1.693059628543499562e+00
6.940371456500489256e-01 1.694037145650048926e+00
6.950146627565982893e-01 1.695014662756598289e+00
6.959921798631476531e-01 1.695992179863147653e+00
6.969696969696970168e-01 1.696969696969697017e+00
6.979472140762463805e-01 1.697947214076246381e+00
6.989247311827957443e-01 1.698924731182795744e+00
6.999022482893451080e-01 1.699902248289345108e+00
7.008797653958944718e-01 1.700879765395894472e+00
7.018572825024438355e-01 1.701857282502443836e+00
7.028347996089931993e-01 1.702834799608993199e+00
7.038123167155425630e-01 1.703812316715542563e+00
7.047898338220919268e-01 1.704789833822091927e+00
7.057673509286412905e-01 1.705767350928641291e+00
7.067448680351906543e-01 1.706744868035190654e+00
7.077223851417400180e-01 1.707722385141740018e+00
7.086999022482893817e-01 1.708699902248289382e+00
7.096774193548387455e-01 1.709677419354838745e+00
7.106549364613881092e-01 1.710654936461388109e+00
7.116324535679374730e-01 1.711632453567937473e+00
7.126099706744868367e-01 1.712609970674486837e+00
7.135874877810362005e-01 1.713587487781036200e+00
7.145650048875855642e-01 1.714565004887585564e+00
7.155425219941349280e-01 1.715542521994134928e+00
7.165200391006842917e-01 1.716520039100684292e+00
7.174975562072336555e-01 1.717497556207233655e+00
7.184750733137830192e-01 1.718475073313783019e+00
7.194525904203323829e-01 1.719452590420332383e+00
7.204301075268817467e-01 1.720430107526881747e+00
7.214076246334311104e-01 1.721407624633431110e+00
7.223851417399804742e-01 1.722385141739980474e+00
7.233626588465298379e-01 1.723362658846529838e+00
7.243401759530792017e-01 1.724340175953079202e+00
7.253176930596285654e-01 1.725317693059628565e+00
7.262952101661779292e-01 1.726295210166177929e+00
7.272727272727272929e-01 1.727272727272727293e+00
7.282502443792766567e-01 1.728250244379276657e+00
7.292277614858260204e-01 1.729227761485826020e+00
7.302052785923753842e-01 1.730205278592375384e+00
7.311827956989247479e-01 1.731182795698924748e+00
7.321603128054741116e-01 1.732160312805474112e+00
7.331378299120234754e-01 1.733137829912023475e+00
7.341153470185728391e-01 1.734115347018572839e+00
7.350928641251222029e-01 1.735092864125122203e+00
7.360703812316715666e-01 1.736070381231671567e+00
7.370478983382209304e-01 1.737047898338220930e+00
7.380254154447702941e-01 1.738025415444770294e+00
7.390029325513196579e-01 1.739002932551319658e+00
7.399804496578690216e-01 1.739980449657869022e+00
7.409579667644183854e-01 1.740957966764418385e+00
7.419354838709677491e-01 1.741935483870967749e+00
7.429130009775171128e-01 1.742913000977517113e+00
7.438905180840664766e-01 1.743890518084066477e+00
7.448680351906158403e-01 1.744868035190615840e+00
7.458455522971652041e-01 1.745845552297165204e+00
7.468230694037145678e-01 1.746823069403714568e+00
7.478005865102639316e-01 1.747800586510263932e+00
7.487781036168132953e-01 1.748778103616813295e+00
7.497556207233626591e-01 1.749755620723362659e+00
7.507331378299120228e-01 1.750733137829912023e+00
7.517106549364613866e-01 1.751710654936461387e+00
7.526881720430107503e-01 1.752688172043010750e+00
7.536656891495601140e-01 1.753665689149560114e+00
7.546432062561094778e-01 1.754643206256109478e+00
7.556207233626588415e-01 1.755620723362658842e+00
7.565982404692082053e-01 1.756598240469208205e+00
7.575757575757575690e-01 1.757575757575757569e+00
7.585532746823069328e-01 1.758553274682306933e+00
7.595307917888562965e-01 1.759530791788856297e+00
7.605083088954056603e-01 1.760508308895405660e+00
7.614858260019550240e-01 1.761485826001955024e+00
7.624633431085043878e-01 1.762463343108504388e+00
7.634408602150537515e-01 1.763440860215053752e+00
7.644183773216031152e-01 1.764418377321603115e+00
7.653958944281524790e-01 1.765395894428152479e+00
7.663734115347018427e-01 1.766373411534701843e+00
7.673509286412512065e-01 1.767350928641251206e+00
7.683284457478005702e-01 1.768328445747800570e+00
7.693059628543499340e-01 1.769305962854349934e+00
7.702834799608992977e-01 1.770283479960899298e+00
7.712609970674486615e-01 1.771260997067448661e+00
7.722385141739980252e-01 1.772238514173998025e+00
7.732160312805473890e-01 1.773216031280547389e+00
7.741935483870967527e-01 1.774193548387096753e+00
7.751710654936461165e-01 1.775171065493646116e+00
7.761485826001954802e-01 1.776148582600195480e+00
7.771260997067448439e-01 1.777126099706744844e+00
7.781036168132942077e-01 1.778103616813294208e+00
7.790811339198435714e-01 1.779081133919843571e+00
7.800586510263929352e-01 1.780058651026392935e+00
7.810361681329422989e-01 1.781036168132942299e+00
7.820136852394916627e-01 1.782013685239491663e+00
7.829912023460410264e-01 1.782991202346041026e+00
7.839687194525903902e-01 1.783968719452590390e+00
7.849462365591397539e-01 1.784946236559139754e+00
7.859237536656891177e-01 1.785923753665689118e+00
7.869012707722384814e-01 1.786901270772238481e+00
7.878787878787878451e-01 1.787878787878787845e+00
7.888563049853372089e-01 1.788856304985337209e+00
7.898338220918865726e-01 1.789833822091886573e+00
7.908113391984359364e-01 1.790811339198435936e+00
7.917888563049853001e-01 1.791788856304985300e+00
7.927663734115346639e-01 1.792766373411534664e+00
7.937438905180840276e-01 1.793743890518084028e+00
7.947214076246333914e-01 1.794721407624633391e+00
7.956989247311827551e-01 1.795698924731182755e+00
7.966764418377321189e-01 1.796676441837732119e+00
7.976539589442814826e-01 1.797653958944281483e+00
7.986314760508308463e-01 1.798631476050830846e+00
7.996089931573802101e-01 1.799608993157380210e+00
8.005865102639295738e-01 1.800586510263929574e+00
8.015640273704789376e-01 1.801564027370478938e+00
8.025415444770283013e-01 1.802541544477028301e+00
8.035190615835776651e-01 1.803519061583577665e+00
8.044965786901270288e-01 1.804496578690127029e+00
8.054740957966763926e-01 1.805474095796676393e+00
8.064516129032257563e-01 1.806451612903225756e+00
8.074291300097751201e-01 1.807429130009775120e+00
8.084066471163244838e-01 1.808406647116324484e+00
8.093841642228738475e-01 1.809384164222873848e+00
8.103616813294232113e-01 1.810361681329423211e+00
8.113391984359725750e-01 1.811339198435972575e+00
8.123167155425219388e-01 1.812316715542521939e+00
8.132942326490713025e-01 1.813294232649071303e+00
8.142717497556207773e-01 1.814271749755620888e+00
8.152492668621701410e-01 1.815249266862170252e+00
8.162267839687195048e-01 1.816226783968719616e+00
8.172043010752688685e-01 1.817204301075268980e+00
8.181818181818182323e-01 1.818181818181818343e+00
8.191593352883675960e-01 1.819159335288367707e+00
8.201368523949169598e-01 1.820136852394917071e+00
8.211143695014663235e-01 1.821114369501466435e+00
8.220918866080156873e-01 1.822091886608015798e+00
8.230694037145650510e-01 1.823069403714565162e+00
8.240469208211144148e-01 1.824046920821114526e+00
8.250244379276637785e-01 1.825024437927663890e+00
8.260019550342131422e-01 1.826001955034213253e+00
8.269794721407625060e-01 1.826979472140762617e+00
8.279569892473118697e-01 1.827956989247311981e+00
8.289345063538612335e-01 1.828934506353861345e+00
8.299120234604105972e-01 1.829912023460410708e+00
8.308895405669599610e-01 1.830889540566960072e+00
8.318670576735093247e-01 1.831867057673509436e+00
8.328445747800586885e-01 1.832844574780058799e+00
8.338220918866080522e-01 1.833822091886608163e+00
8.347996089931574160e-01 1.834799608993157527e+00
8.357771260997067797e-01 1.835777126099706891e+00
8.367546432062561435e-01 1.836754643206256254e+00
8.377321603128055072e-01 1.837732160312805618e+00
8.387096774193548709e-01 1.838709677419354982e+00
8.396871945259042347e-01 1.839687194525904346e+00
8.406647116324535984e-01 1.840664711632453709e+00
8.416422287390029622e-01 1.841642228739003073e+00
8.426197458455523259e-01 1.842619745845552437e+00
8.435972629521016897e-01 1.843597262952101801e+00
8.445747800586510534e-01 1.844574780058651164e+00
8.455522971652004172e-01 1.845552297165200528e+00
8.465298142717497809e-01 1.846529814271749892e+00
8.475073313782991447e-01 1.847507331378299256e+00
8.484848484848485084e-01 1.848484848484848619e+00
8.494623655913978721e-01 1.849462365591397983e+00
8.504398826979472359e-01 1.850439882697947347e+00
8.514173998044965996e-01 1.851417399804496711e+00
8.523949169110459634e-01 1.852394916911046074e+00
8.533724340175953271e-01 1.853372434017595438e+00
8.543499511241446909e-01 1.854349951124144802e+00
8.553274682306940546e-01 1.855327468230694166e+00
8.563049853372434184e-01 1.856304985337243529e+00
8.572825024437927821e-01 1.857282502443792893e+00
8.582600195503421459e-01 1.858260019550342257e+00
8.592375366568915096e-01 1.859237536656891621e+00
8.602150537634408733e-01 1.860215053763440984e+00
8.611925708699902371e-01 1.861192570869990348e+00
8.621700879765396008e-01 1.862170087976539712e+00
8.631476050830889646e-01 1.863147605083089076e+00
8.641251221896383283e-01 1.864125122189638439e+00
8.651026392961876921e-01 1.865102639296187803e+00
8.660801564027370558e-01 1.866080156402737167e+00
8.670576735092864196e-01 1.867057673509286531e+00
8.680351906158357833e-01 1.868035190615835894e+00
8.690127077223851471e-01 1.869012707722385258e+00
8.699902248289345108e-01 1.869990224828934622e+00
8.709677419354838745e-01 1.870967741935483986e+00
8.719452590420332383e-01 1.871945259042033349e+00
8.729227761485826020e-01 1.872922776148582713e+00
8.739002932551319658e-01 1.873900293255132077e+00
8.748778103616813295e-01 1.874877810361681441e+00
8.758553274682306933e-01 1.875855327468230804e+00
8.768328445747800570e-01 1.876832844574780168e+00
8.778103616813294208e-01 1.877810361681329532e+00
8.787878787878787845e-01 1.878787878787878896e+00
8.797653958944281483e-01 1.879765395894428259e+00
8.807429130009775120e-01 1.880742913000977623e+00
8.817204301075268758e-01 1.881720430107526987e+00
8.826979472140762395e-01 1.882697947214076351e+00
8.836754643206256032e-01 1.883675464320625714e+00
8.846529814271749670e-01 1.884652981427175078e+00
8.856304985337243307e-01 1.885630498533724442e+00
8.866080156402736945e-01 1.886608015640273806e+00
8.875855327468230582e-01 1.887585532746823169e+00
8.885630498533724220e-01 1.888563049853372533e+00
8.895405669599217857e-01 1.889540566959921897e+00
8.905180840664711495e-01 1.890518084066471260e+00
8.914956011730205132e-01 1.891495601173020624e+00
8.924731182795698770e-01 1.892473118279569988e+00
8.934506353861192407e-01 1.893450635386119352e+00
8.944281524926686044e-01 1.894428152492668715e+00
8.954056695992179682e-01 1.895405669599218079e+00
8.963831867057673319e-01 1.896383186705767443e+00
8.973607038123166957e-01 1.897360703812316807e+00
8.983382209188660594e-01 1.898338220918866170e+00
8.993157380254154232e-01 1.899315738025415534e+00
9.002932551319647869e-01 1.900293255131964898e+00
9.012707722385141507e-01 1.901270772238514262e+00
9.022482893450635144e-01 1.902248289345063625e+00
9.032258064516128782e-01 1.903225806451612989e+00
9.042033235581622419e-01 1.904203323558162353e+00
9.051808406647116056e-01 1.905180840664711717e+00
9.061583577712609694e-01 1.906158357771261080e+00
9.071358748778103331e-01 1.907135874877810444e+00
9.081133919843596969e-01 1.908113391984359808e+00
9.090909090909090606e-01 1.909090909090909172e+00
9.100684261974584244e-01 1.910068426197458535e+00
9.110459433040077881e-01 1.911045943304007899e+00
9.120234604105571519e-01 1.912023460410557263e+00
9.130009775171065156e-01 1.913000977517106627e+00
9.139784946236558794e-01 1.913978494623655990e+00
9.149560117302052431e-01 1.914956011730205354e+00
9.159335288367546068e-01 1.915933528836754718e+00
9.169110459433039706e-01 1.916911045943304082e+00
9.178885630498533343e-01 1.917888563049853445e+00
9.188660801564026981e-01 1.918866080156402809e+00
9.198435972629520618e-01 1.919843597262952173e+00
9.208211143695014256e-01 1.920821114369501537e+00
9.217986314760507893e-01 1.921798631476050900e+00
9.227761485826001531e-01 1.922776148582600264e+00
9.237536656891495168e-01 1.923753665689149628e+00
9.247311827956988806e-01 1.924731182795698992e+00
9.257086999022482443e-01 1.925708699902248355e+00
9.266862170087976081e-01 1.926686217008797719e+00
9.276637341153469718e-01 1.927663734115347083e+00
9.286412512218963355e-01 1.928641251221896447e+00
9.296187683284456993e-01 1.929618768328445810e+00
9.305962854349950630e-01 1.930596285434995174e+00
9.315738025415444268e-01 1.931573802541544538e+00
9.325513196480937905e-01 1.932551319648093902e+00
9.335288367546431543e-01 1.933528836754643265e+00
9.345063538611925180e-01 1.934506353861192629e+00
9.354838709677418818e-01 1.935483870967741993e+00
9.364613880742912455e-01 1.936461388074291357e+00
9.374389051808406093e-01 1.937438905180840720e+00
9.384164222873900840e-01 1.938416422287390084e+00
9.393939393939394478e-01 1.939393939393939448e+00
9.403714565004888115e-01 1.940371456500488812e+00
9.413489736070381753e-01 1.941348973607038175e+00
9.423264907135875390e-01 1.942326490713587539e+00
9.433040078201369028e-01 1.943304007820136903e+00
9.442815249266862665e-01 1.944281524926686266e+00
9.452590420332356302e-01 1.945259042033235630e+00
9.462365591397849940e-01 1.946236559139784994e+00
9.472140762463343577e-01 1.947214076246334358e+00
9.481915933528837215e-01 1.948191593352883721e+00
9.491691104594330852e-01 1.949169110459433085e+00
9.501466275659824490e-01 1.950146627565982449e+00
9.511241446725318127e-01 1.951124144672531813e+00
9.521016617790811765e-01 1.952101661779081176e+00
9.530791788856305402e-01 1.953079178885630540e+00
9.540566959921799040e-01 1.954056695992179904e+00
9.550342130987292677e-01 1.955034213098729268e+00
9.560117302052786314e-01 1.956011730205278631e+00
9.569892473118279952e-01 1.956989247311827995e+00
9.579667644183773589e-01 1.957966764418377359e+00
9.589442815249267227e-01 1.958944281524926723e+00
9.599217986314760864e-01 1.959921798631476086e+00
9.608993157380254502e-01 1.960899315738025450e+00
9.618768328445748139e-01 1.961876832844574814e+00
9.628543499511241777e-01 1.962854349951124178e+00
9.638318670576735414e-01 1.963831867057673541e+00
9.648093841642229052e-01 1.964809384164222905e+00
9.657869012707722689e-01 1.965786901270772269e+00
9.667644183773216326e-01 1.966764418377321633e+00
9.677419354838709964e-01 1.967741935483870996e+00
9.687194525904203601e-01 1.968719452590420360e+00
9.696969696969697239e-01 1.969696969696969724e+00
9.706744868035190876e-01 1.970674486803519088e+00
9.716520039100684514e-01 1.971652003910068451e+00
9.726295210166178151e-01 1.972629521016617815e+00
9.736070381231671789e-01 1.973607038123167179e+00
9.745845552297165426e-01 1.974584555229716543e+00
9.755620723362659064e-01 1.975562072336265906e+00
9.765395894428152701e-01 1.976539589442815270e+00
9.775171065493646338e-01 1.977517106549364634e+00
9.784946236559139976e-01 1.978494623655913998e+00
9.794721407624633613e-01 1.979472140762463361e+00
9.804496578690127251e-01 1.980449657869012725e+00
9.814271749755620888e-01 1.981427174975562089e+00
9.824046920821114526e-01 1.982404692082111453e+00
9.833822091886608163e-01 1.983382209188660816e+00
9.843597262952101801e-01 1.984359726295210180e+00
9.853372434017595438e-01 1.985337243401759544e+00
9.863147605083089076e-01 1.986314760508308908e+00
9.872922776148582713e-01 1.987292277614858271e+00
9.882697947214076351e-01 1.988269794721407635e+00
9.892473118279569988e-01 1.989247311827956999e+00
9.902248289345063625e-01 1.990224828934506363e+00
9.912023460410557263e-01 1.991202346041055726e+00
9.921798631476050900e-01 1.992179863147605090e+00
9.931573802541544538e-01 1.993157380254154454e+00
9.941348973607038175e-01 1.994134897360703818e+00
9.951124144672531813e-01 1.995112414467253181e+00
9.960899315738025450e-01 1.996089931573802545e+00
9.970674486803519088e-01 1.997067448680351909e+00
9.980449657869012725e-01 1.998044965786901273e+00
9.990224828934506363e-01 1.999022482893450636e+00
1.000000000000000000e+00 2.000000000000000000e+00
