0.000000000000000000e+00 1.000000000000000000e+00
9.775171065493646130e-04 1.000488639169155869e+00
1.955034213098729226e-03 1.000977039803160773e+00
2.932551319648093839e-03 1.001465202251005771e+00
3.910068426197458452e-03 1.001953126860831489e+00
4.887585532746823065e-03 1.002440813979931011e+00
5.865102639296187678e-03 1.002928263954753652e+00
6.842619745845552291e-03 1.003415477130906952e+00
7.820136852394916904e-03 1.003902453853159349e+00
8.797653958944280650e-03 1.004389194465444390e+00
9.775171065493646130e-03 1.004875699310861847e+00
1.075268817204301161e-02 1.005361968731681710e+00
1.173020527859237536e-02 1.005848003069346630e+00
1.270772238514173910e-02 1.006333802664474586e+00
1.368523949169110458e-02 1.006819367856861991e+00
1.466275659824047006e-02 1.007304698985485913e+00
1.564027370478983381e-02 1.007789796388507630e+00
1.661779081133919755e-02 1.008274660403274847e+00
1.759530791788856130e-02 1.008759291366324140e+00
1.857282502443792851e-02 1.009243689613384731e+00
1.955034213098729226e-02 1.009727855479379821e+00
2.052785923753665601e-02 1.010211789298430585e+00
2.150537634408602322e-02 1.010695491403857948e+00
2.248289345063538697e-02 1.011178962128185921e+00
2.346041055718475071e-02 1.011662201803143812e+00
2.443792766373411446e-02 1.012145210759668679e+00
2.541544477028347820e-02 1.012627989327908873e+00
2.639296187683284542e-02 1.013110537837225822e+00
2.737047898338220916e-02 1.013592856616196913e+00
2.834799608993157291e-02 1.014074945992618160e+00
2.932551319648094013e-02 1.014556806293507085e+00
3.030303030303030387e-02 1.015038437845104502e+00
3.128054740957966762e-02 1.015519840972878063e+00
3.225806451612903136e-02 1.016001016001524038e+00
3.323558162267839511e-02 1.016481963254970200e+00
3.421309872922775885e-02 1.016962683056378269e+00
3.519061583577712260e-02 1.017443175728147020e+00
3.616813294232649328e-02 1.017923441591913836e+00
3.714565004887585703e-02 1.018403480968557817e+00
3.812316715542522078e-02 1.018883294178202226e+00
3.910068426197458452e-02 1.019362881540216925e+00
4.007820136852394827e-02 1.019842243373220825e+00
4.105571847507331201e-02 1.020321379995084321e+00
4.203323558162267576e-02 1.020800291722931741e+00
4.301075268817204644e-02 1.021278978873144228e+00
4.398826979472141019e-02 1.021757441761361074e+00
4.496578690127077393e-02 1.022235680702483940e+00
4.594330400782013768e-02 1.022713696010677298e+00
4.692082111436950143e-02 1.023191487999372207e+00
4.789833822091886517e-02 1.023669056981268088e+00
4.887585532746822892e-02 1.024146403268335614e+00
4.985337243401759266e-02 1.024623527171818038e+00
5.083088954056695641e-02 1.025100429002235414e+00
5.180840664711632709e-02 1.025577109069384596e+00
5.278592375366569084e-02 1.026053567682343681e+00
5.376344086021505458e-02 1.026529805149472896e+00
5.474095796676441833e-02 1.027005821778418371e+00
5.571847507331378208e-02 1.027481617876112585e+00
5.669599217986314582e-02 1.027957193748778142e+00
5.767350928641250957e-02 1.028432549701929766e+00
5.865102639296188025e-02 1.028907686040376523e+00
5.962854349951124400e-02 1.029382603068223156e+00
6.060606060606060774e-02 1.029857301088874522e+00
6.158357771260997149e-02 1.030331780405035369e+00
6.256109481915933523e-02 1.030806041318714561e+00
6.353861192570869898e-02 1.031280084131225960e+00
6.451612903225806273e-02 1.031753909143191983e+00
6.549364613880742647e-02 1.032227516654544264e+00
6.647116324535679022e-02 1.032700906964526988e+00
6.744868035190615396e-02 1.033174080371699111e+00
6.842619745845551771e-02 1.033647037173935690e+00
6.940371456500488145e-02 1.034119777668430773e+00
7.038123167155424520e-02 1.034592302151699839e+00
7.135874877810362282e-02 1.035064610919580907e+00
7.233626588465298657e-02 1.035536704267237873e+00
7.331378299120235031e-02 1.036008582489161833e+00
7.429130009775171406e-02 1.036480245879173312e+00
7.526881720430107781e-02 1.036951694730425144e+00
7.624633431085044155e-02 1.037422929335403810e+00
7.722385141739980530e-02 1.037893949985931652e+00
7.820136852394916904e-02 1.038364756973169323e+00
7.917888563049853279e-02 1.038835350587617556e+00
8.015640273704789653e-02 1.039305731119119613e+00
8.113391984359726028e-02 1.039775898856862835e+00
8.211143695014662403e-02 1.040245854089381305e+00
8.308895405669598777e-02 1.040715597104557633e+00
8.406647116324535152e-02 1.041185128189624720e+00
8.504398826979471526e-02 1.041654447631168434e+00
8.602150537634409289e-02 1.042123555715129157e+00
8.699902248289345663e-02 1.042592452726804231e+00
8.797653958944282038e-02 1.043061138950849287e+00
8.895405669599218412e-02 1.043529614671280914e+00
8.993157380254154787e-02 1.043997880171478876e+00
9.090909090909091161e-02 1.044465935734187001e+00
9.188660801564027536e-02 1.044933781641516291e+00
9.286412512218963911e-02 1.045401418174946695e+00
9.384164222873900285e-02 1.045868845615328002e+00
9.481915933528836660e-02 1.046336064242883834e+00
9.579667644183773034e-02 1.046803074337211648e+00
9.677419354838709409e-02 1.047269876177285619e+00
9.775171065493645783e-02 1.047736470041458645e+00
9.872922776148582158e-02 1.048202856207464118e+00
9.970674486803518533e-02 1.048669034952417700e+00
1.006842619745845491e-01 1.049135006552819327e+00
1.016617790811339128e-01 1.049600771284555423e+00
1.026392961876832904e-01 1.050066329422900457e+00
1.036168132942326542e-01 1.050531681242518500e+00
1.045943304007820179e-01 1.050996827017466329e+00
1.055718475073313817e-01 1.051461767021193872e+00
1.065493646138807454e-01 1.051926501526547097e+00
1.075268817204301092e-01 1.052391030805769567e+00
1.085043988269794729e-01 1.052855355130503767e+00
1.094819159335288367e-01 1.053319474771794440e+00
1.104594330400782004e-01 1.053783390000088360e+00
1.114369501466275642e-01 1.054247101085237670e+00
1.124144672531769279e-01 1.054710608296501873e+00
1.133919843597262916e-01 1.055173911902548056e+00
1.143695014662756554e-01 1.055637012171454447e+00
1.153470185728250191e-01 1.056099909370711520e+00
1.163245356793743829e-01 1.056562603767223107e+00
1.173020527859237605e-01 1.057025095627309952e+00
1.182795698924731242e-01 1.057487385216709264e+00
1.192570869990224880e-01 1.057949472800578716e+00
1.202346041055718517e-01 1.058411358643496225e+00
1.212121212121212155e-01 1.058873043009463499e+00
1.221896383186705792e-01 1.059334526161906265e+00
1.231671554252199430e-01 1.059795808363677150e+00
1.241446725317693067e-01 1.060256889877056796e+00
1.251221896383186705e-01 1.060717770963755635e+00
1.260997067448680342e-01 1.061178451884916552e+00
1.270772238514173980e-01 1.061638932901114662e+00
1.280547409579667617e-01 1.062099214272361092e+00
1.290322580645161255e-01 1.062559296258103414e+00
1.300097751710654892e-01 1.063019179117228097e+00
1.309872922776148529e-01 1.063478863108061390e+00
1.319648093841642167e-01 1.063938348488371766e+00
1.329423264907135804e-01 1.064397635515371476e+00
1.339198435972629442e-01 1.064856724445717440e+00
1.348973607038123079e-01 1.065315615535514571e+00
1.358748778103616717e-01 1.065774309040315337e+00
1.368523949169110354e-01 1.066232805215123314e+00
1.378299120234603992e-01 1.066691104314393401e+00
1.388074291300097629e-01 1.067149206592034938e+00
1.397849462365591267e-01 1.067607112301411698e+00
1.407624633431084904e-01 1.068064821695344557e+00
1.417399804496578819e-01 1.068522335026113490e+00
1.427174975562072456e-01 1.068979652545457570e+00
1.436950146627566094e-01 1.069436774504578525e+00
1.446725317693059731e-01 1.069893701154140953e+00
1.456500488758553369e-01 1.070350432744274327e+00
1.466275659824047006e-01 1.070806969524575214e+00
1.476050830889540644e-01 1.071263311744108160e+00
1.485826001955034281e-01 1.071719459651406803e+00
1.495601173020527919e-01 1.072175413494476981e+00
1.505376344086021556e-01 1.072631173520796954e+00
1.515151515151515194e-01 1.073086739977319626e+00
1.524926686217008831e-01 1.073542113110473650e+00
1.534701857282502468e-01 1.073997293166165434e+00
1.544477028347996106e-01 1.074452280389780690e+00
1.554252199413489743e-01 1.074907075026185321e+00
1.564027370478983381e-01 1.075361677319727871e+00
1.573802541544477018e-01 1.075816087514240404e+00
1.583577712609970656e-01 1.076270305853040510e+00
1.593352883675464293e-01 1.076724332578931964e+00
1.603128054740957931e-01 1.077178167934207620e+00
1.612903225806451568e-01 1.077631812160649405e+00
1.622678396871945206e-01 1.078085265499531209e+00
1.632453567937438843e-01 1.078538528191619106e+00
1.642228739002932481e-01 1.078991600477174018e+00
1.652003910068426118e-01 1.079444482595952159e+00
1.661779081133919755e-01 1.079897174787207259e+00
1.671554252199413393e-01 1.080349677289691890e+00
1.681329423264907030e-01 1.080801990341658581e+00
1.691104594330400668e-01 1.081254114180861814e+00
1.700879765395894305e-01 1.081706049044558915e+00
1.710654936461387943e-01 1.082157795169511827e+00
1.720430107526881858e-01 1.082609352791988444e+00
1.730205278592375495e-01 1.083060722147764610e+00
1.739980449657869133e-01 1.083511903472124782e+00
1.749755620723362770e-01 1.083962896999863368e+00
1.759530791788856408e-01 1.084413702965286941e+00
1.769305962854350045e-01 1.084864321602215353e+00
1.779081133919843682e-01 1.085314753143982847e+00
1.788856304985337320e-01 1.085764997823439604e+00
1.798631476050830957e-01 1.086215055872953306e+00
1.808406647116324595e-01 1.086664927524410684e+00
1.818181818181818232e-01 1.087114613009217967e+00
1.827956989247311870e-01 1.087564112558303986e+00
1.837732160312805507e-01 1.088013426402119732e+00
1.847507331378299145e-01 1.088462554770640578e+00
1.857282502443792782e-01 1.088911497893368496e+00
1.867057673509286420e-01 1.089360255999331395e+00
1.876832844574780057e-01 1.089808829317086225e+00
1.886608015640273694e-01 1.090257218074719869e+00
1.896383186705767332e-01 1.090705422499850252e+00
1.906158357771260969e-01 1.091153442819627450e+00
1.915933528836754607e-01 1.091601279260736135e+00
1.925708699902248244e-01 1.092048932049395349e+00
1.935483870967741882e-01 1.092496401411361173e+00
1.945259042033235519e-01 1.092943687571927835e+00
1.955034213098729157e-01 1.093390790755927711e+00
1.964809384164222794e-01 1.093837711187734874e+00
1.974584555229716432e-01 1.094284449091264211e+00
1.984359726295210069e-01 1.094731004689974529e+00
1.994134897360703707e-01 1.095177378206868557e+00
2.003910068426197344e-01 1.095623569864494939e+00
2.013685239491690981e-01 1.096069579884949352e+00
2.023460410557184619e-01 1.096515408489875387e+00
2.033235581622678256e-01 1.096961055900467219e+00
2.043010752688172171e-01 1.097406522337468715e+00
2.052785923753665809e-01 1.097851808021176767e+00
2.062561094819159446e-01 1.098296913171441069e+00
2.072336265884653084e-01 1.098741838007666560e+00
2.082111436950146721e-01 1.099186582748813645e+00
2.091886608015640359e-01 1.099631147613400417e+00
2.101661779081133996e-01 1.100075532819503099e+00
2.111436950146627634e-01 1.100519738584757379e+00
2.121212121212121271e-01 1.100963765126360627e+00
2.130987292277614908e-01 1.101407612661071678e+00
2.140762463343108546e-01 1.101851281405213490e+00
2.150537634408602183e-01 1.102294771574672927e+00
2.160312805474095821e-01 1.102738083384903200e+00
2.170087976539589458e-01 1.103181217050924534e+00
2.179863147605083096e-01 1.103624172787325497e+00
2.189638318670576733e-01 1.104066950808264114e+00
2.199413489736070371e-01 1.104509551327468975e+00
2.209188660801564008e-01 1.104951974558241234e+00
2.218963831867057646e-01 1.105394220713454612e+00
2.228739002932551283e-01 1.105836290005557387e+00
2.238514173998044920e-01 1.106278182646573072e+00
2.248289345063538558e-01 1.106719898848102401e+00
2.258064516129032195e-01 1.107161438821323562e+00
2.267839687194525833e-01 1.107602802776993967e+00
2.277614858260019470e-01 1.108043990925451361e+00
2.287390029325513108e-01 1.108485003476615161e+00
2.297165200391006745e-01 1.108925840639986449e+00
2.306940371456500383e-01 1.109366502624651085e+00
2.316715542521994020e-01 1.109806989639279262e+00
2.326490713587487658e-01 1.110247301892127503e+00
2.336265884652981295e-01 1.110687439591039105e+00
2.346041055718475210e-01 1.111127402943446141e+00
2.355816226783968848e-01 1.111567192156370121e+00
2.365591397849462485e-01 1.112006807436423106e+00
2.375366568914956122e-01 1.112446248989808817e+00
2.385141739980449760e-01 1.112885517022323745e+00
2.394916911045943397e-01 1.113324611739358927e+00
2.404692082111437035e-01 1.113763533345899948e+00
2.414467253176930672e-01 1.114202282046529158e+00
2.424242424242424310e-01 1.114640858045425453e+00
2.434017595307917947e-01 1.115079261546367384e+00
2.443792766373411585e-01 1.115517492752731821e+00
2.453567937438905222e-01 1.115955551867497286e+00
2.463343108504398860e-01 1.116393439093243733e+00
2.473118279569892497e-01 1.116831154632153433e+00
2.482893450635386134e-01 1.117268698686013861e+00
2.492668621700879772e-01 1.117706071456216144e+00
2.502443792766373409e-01 1.118143273143758387e+00
2.512218963831867047e-01 1.118580303949245680e+00
2.521994134897360684e-01 1.119017164072891202e+00
2.531769305962854322e-01 1.119453853714517999e+00
2.541544477028347959e-01 1.119890373073558765e+00
2.551319648093841597e-01 1.120326722349058279e+00
2.561094819159335234e-01 1.120762901739673634e+00
2.570869990224828872e-01 1.121198911443675561e+00
2.580645161290322509e-01 1.121634751658949103e+00
2.590420332355816146e-01 1.122070422582995386e+00
2.600195503421309784e-01 1.122505924412932066e+00
2.609970674486803421e-01 1.122941257345494659e+00
2.619745845552297059e-01 1.123376421577037432e+00
2.629521016617790696e-01 1.123811417303534510e+00
2.639296187683284334e-01 1.124246244720580989e+00
2.649071358748777971e-01 1.124680904023393602e+00
2.658846529814271609e-01 1.125115395406812047e+00
2.668621700879765246e-01 1.125549719065300325e+00
2.678396871945258884e-01 1.125983875192946959e+00
2.688172043010752521e-01 1.126417863983466550e+00
2.697947214076246158e-01 1.126851685630200661e+00
2.707722385141739796e-01 1.127285340326118934e+00
2.717497556207233433e-01 1.127718828263820194e+00
2.727272727272727071e-01 1.128152149635532453e+00
2.737047898338220708e-01 1.128585304633115571e+00
2.746823069403714346e-01 1.129018293448060817e+00
2.756598240469207983e-01 1.129451116271492639e+00
2.766373411534701621e-01 1.129883773294169558e+00
2.776148582600195258e-01 1.130316264706484386e+00
2.785923753665688896e-01 1.130748590698466893e+00
2.795698924731182533e-01 1.131180751459782474e+00
2.805474095796676171e-01 1.131612747179735257e+00
2.815249266862169808e-01 1.132044578047267880e+00
2.825024437927664001e-01 1.132476244250962827e+00
2.834799608993157638e-01 1.132907745979042868e+00
2.844574780058651275e-01 1.133339083419373283e+00
2.854349951124144913e-01 1.133770256759461192e+00
2.864125122189638550e-01 1.134201266186457557e+00
2.873900293255132188e-01 1.134632111887158512e+00
2.883675464320625825e-01 1.135062794048004475e+00
2.893450635386119463e-01 1.135493312855083259e+00
2.903225806451613100e-01 1.135923668494129624e+00
2.913000977517106738e-01 1.136353861150526834e+00
2.922776148582600375e-01 1.136783891009307101e+00
2.932551319648094013e-01 1.137213758255152918e+00
2.942326490713587650e-01 1.137643463072397942e+00
2.952101661779081287e-01 1.138073005645028113e+00
2.961876832844574925e-01 1.138502386156681423e+00
2.971652003910068562e-01 1.138931604790650587e+00
2.981427174975562200e-01 1.139360661729882596e+00
2.991202346041055837e-01 1.139789557156980493e+00
3.000977517106549475e-01 1.140218291254203153e+00
3.010752688172043112e-01 1.140646864203467725e+00
3.020527859237536750e-01 1.141075276186349408e+00
3.030303030303030387e-01 1.141503527384082561e+00
3.040078201368524025e-01 1.141931617977561819e+00
3.049853372434017662e-01 1.142359548147342974e+00
3.059628543499511300e-01 1.142787318073643643e+00
3.069403714565004937e-01 1.143214927936344161e+00
3.079178885630498574e-01 1.143642377914988684e+00
3.088954056695992212e-01 1.144069668188786082e+00
3.098729227761485849e-01 1.144496798936610604e+00
3.108504398826979487e-01 1.144923770337002766e+00
3.118279569892473124e-01 1.145350582568170461e+00
3.128054740957966762e-01 1.145777235807989181e+00
3.137829912023460399e-01 1.146203730234004237e+00
3.147605083088954037e-01 1.146630066023429873e+00
3.157380254154447674e-01 1.147056243353151705e+00
3.167155425219941312e-01 1.147482262399726283e+00
3.176930596285434949e-01 1.147908123339382636e+00
3.186705767350928586e-01 1.148333826348023612e+00
3.196480938416422224e-01 1.148759371601225432e+00
3.206256109481915861e-01 1.149184759274239465e+00
3.216031280547409499e-01 1.149609989541992894e+00
3.225806451612903136e-01 1.150035062579089384e+00
3.235581622678396774e-01 1.150459978559810414e+00
3.245356793743890411e-01 1.150884737658115275e+00
3.255131964809384049e-01 1.151309340047642626e+00
3.264907135874877686e-01 1.151733785901710716e+00
3.274682306940371324e-01 1.152158075393319159e+00
3.284457478005864961e-01 1.152582208695148269e+00
3.294232649071358598e-01 1.153006185979561726e+00
3.304007820136852236e-01 1.153430007418605907e+00
3.313782991202345873e-01 1.153853673184010997e+00
3.323558162267839511e-01 1.154277183447192545e+00
3.333333333333333148e-01 1.154700538379251462e+00
3.343108504398826786e-01 1.155123738150975132e+00
3.352883675464320423e-01 1.155546782932838301e+00
3.362658846529814061e-01 1.155969672895003519e+00
3.372434017595307698e-01 1.156392408207322475e+00
3.382209188660801336e-01 1.156814989039336439e+00
3.391984359726294973e-01 1.157237415560277149e+00
3.401759530791788610e-01 1.157659687939067261e+00
3.411534701857282248e-01 1.158081806344322118e+00
3.421309872922775885e-01 1.158503770944349309e+00
3.431085043988269523e-01 1.158925581907150226e+00
3.440860215053763715e-01 1.159347239400420726e+00
3.450635386119257353e-01 1.159768743591551354e+00
3.460410557184750990e-01 1.160190094647629344e+00
3.470185728250244628e-01 1.160611292735437949e+00
3.479960899315738265e-01 1.161032338021458443e+00
3.489736070381231903e-01 1.161453230671869674e+00
3.499511241446725540e-01 1.161873970852550286e+00
3.509286412512219178e-01 1.162294558729078053e+00
3.519061583577712815e-01 1.162714994466731433e+00
3.528836754643206453e-01 1.163135278230490677e+00
3.538611925708700090e-01 1.163555410185037164e+00
3.548387096774193727e-01 1.163975390494755846e+00
3.558162267839687365e-01 1.164395219323735020e+00
3.567937438905181002e-01 1.164814896835766778e+00
3.577712609970674640e-01 1.165234423194349223e+00
3.587487781036168277e-01 1.165653798562685139e+00
3.597262952101661915e-01 1.166073023103684658e+00
3.607038123167155552e-01 1.166492096979964810e+00
3.616813294232649190e-01 1.166911020353850637e+00
3.626588465298142827e-01 1.167329793387376302e+00
3.636363636363636465e-01 1.167748416242284426e+00
3.646138807429130102e-01 1.168166889080029192e+00
3.655913978494623739e-01 1.168585212061774570e+00
3.665689149560117377e-01 1.169003385348396540e+00
3.675464320625611014e-01 1.169421409100483755e+00
3.685239491691104652e-01 1.169839283478337766e+00
3.695014662756598289e-01 1.170257008641973462e+00
3.704789833822091927e-01 1.170674584751120850e+00
3.714565004887585564e-01 1.171092011965225055e+00
3.724340175953079202e-01 1.171509290443446760e+00
3.734115347018572839e-01 1.171926420344663766e+00
3.743890518084066477e-01 1.172343401827470766e+00
3.753665689149560114e-01 1.172760235050181121e+00
3.763440860215053752e-01 1.173176920170826421e+00
3.773216031280547389e-01 1.173593457347157587e+00
3.782991202346041026e-01 1.174009846736646434e+00
3.792766373411534664e-01 1.174426088496484999e+00
3.802541544477028301e-01 1.174842182783586875e+00
3.812316715542521939e-01 1.175258129754588099e+00
3.822091886608015576e-01 1.175673929565847597e+00
3.831867057673509214e-01 1.176089582373447850e+00
3.841642228739002851e-01 1.176505088333195559e+00
3.851417399804496489e-01 1.176920447600622532e+00
3.861192570869990126e-01 1.177335660330986133e+00
3.870967741935483764e-01 1.177750726679269944e+00
3.880742913000977401e-01 1.178165646800184874e+00
3.890518084066471038e-01 1.178580420848168941e+00
3.900293255131964676e-01 1.178995048977389271e+00
3.910068426197458313e-01 1.179409531341741424e+00
3.919843597262951951e-01 1.179823868094850514e+00
3.929618768328445588e-01 1.180238059390072758e+00
3.939393939393939226e-01 1.180652105380494366e+00
3.949169110459432863e-01 1.181066006218934206e+00
3.958944281524926501e-01 1.181479762057942695e+00
3.968719452590420138e-01 1.181893373049803575e+00
3.978494623655913776e-01 1.182306839346534133e+00
3.988269794721407413e-01 1.182720161099886313e+00
3.998044965786901050e-01 1.183133338461346051e+00
4.007820136852394688e-01 1.183546371582135937e+00
4.017595307917888325e-01 1.183959260613214326e+00
4.027370478983381963e-01 1.184372005705276010e+00
4.037145650048875600e-01 1.184784607008753987e+00
4.046920821114369238e-01 1.185197064673819245e+00
4.056695992179862875e-01 1.185609378850380979e+00
4.066471163245356513e-01 1.186021549688088816e+00
4.076246334310850705e-01 1.186433577336331702e+00
4.086021505376344343e-01 1.186845461944239233e+00
4.095796676441837980e-01 1.187257203660682769e+00
4.105571847507331618e-01 1.187668802634275211e+00
4.115347018572825255e-01 1.188080259013372553e+00
4.125122189638318893e-01 1.188491572946073438e+00
4.134897360703812530e-01 1.188902744580220716e+00
4.144672531769306167e-01 1.189313774063400997e+00
4.154447702834799805e-01 1.189724661542947093e+00
4.164222873900293442e-01 1.190135407165936465e+00
4.173998044965787080e-01 1.190546011079193445e+00
4.183773216031280717e-01 1.190956473429288787e+00
4.193548387096774355e-01 1.191366794362541226e+00
4.203323558162267992e-01 1.191776974025017255e+00
4.213098729227761630e-01 1.192187012562532678e+00
4.222873900293255267e-01 1.192596910120651721e+00
4.232649071358748905e-01 1.193006666844689034e+00
4.242424242424242542e-01 1.193416282879710133e+00
4.252199413489736179e-01 1.193825758370531176e+00
4.261974584555229817e-01 1.194235093461720076e+00
4.271749755620723454e-01 1.194644288297597168e+00
4.281524926686217092e-01 1.195053343022235870e+00
4.291300097751710729e-01 1.195462257779462911e+00
4.301075268817204367e-01 1.195871032712859217e+00
4.310850439882698004e-01 1.196279667965760352e+00
4.320625610948191642e-01 1.196688163681257189e+00
4.330400782013685279e-01 1.197096520002196129e+00
4.340175953079178917e-01 1.197504737071180880e+00
4.349951124144672554e-01 1.197912815030571121e+00
4.359726295210166191e-01 1.198320754022484946e+00
4.369501466275659829e-01 1.198728554188797979e+00
4.379276637341153466e-01 1.199136215671145367e+00
4.389051808406647104e-01 1.199543738610920673e+00
4.398826979472140741e-01 1.199951123149278098e+00
4.408602150537634379e-01 1.200358369427132255e+00
4.418377321603128016e-01 1.200765477585158170e+00
4.428152492668621654e-01 1.201172447763793061e+00
4.437927663734115291e-01 1.201579280103236336e+00
4.447702834799608929e-01 1.201985974743449814e+00
4.457478005865102566e-01 1.202392531824158617e+00
4.467253176930596203e-01 1.202798951484852052e+00
4.477028347996089841e-01 1.203205233864783841e+00
4.486803519061583478e-01 1.203611379102972112e+00
4.496578690127077116e-01 1.204017387338201184e+00
4.506353861192570753e-01 1.204423258709020894e+00
4.516129032258064391e-01 1.204828993353748379e+00
4.525904203323558028e-01 1.205234591410467182e+00
4.535679374389051666e-01 1.205640053017029256e+00
4.545454545454545303e-01 1.206045378311054517e+00
4.555229716520038941e-01 1.206450567429931509e+00
4.565004887585532578e-01 1.206855620510818738e+00
4.574780058651026216e-01 1.207260537690644009e+00
4.584555229716519853e-01 1.207665319106105750e+00
4.594330400782013490e-01 1.208069964893673465e+00
4.604105571847507128e-01 1.208474475189588171e+00
4.613880742913000765e-01 1.208878850129863070e+00
4.623655913978494403e-01 1.209283089850283766e+00
4.633431085043988040e-01 1.209687194486408934e+00
4.643206256109481678e-01 1.210091164173570988e+00
4.652981427174975315e-01 1.210494999046876519e+00
4.662756598240468953e-01 1.210898699241206966e+00
4.672531769305962590e-01 1.211302264891218838e+00
4.682306940371456228e-01 1.211705696131344379e+00
4.692082111436950420e-01 1.212108993095792231e+00
4.701857282502444058e-01 1.212512155918547663e+00
4.711632453567937695e-01 1.212915184733373675e+00
4.721407624633431332e-01 1.213318079673810557e+00
4.731182795698924970e-01 1.213720840873177220e+00
4.740957966764418607e-01 1.214123468464571642e+00
4.750733137829912245e-01 1.214525962580871088e+00
4.760508308895405882e-01 1.214928323354732109e+00
4.770283479960899520e-01 1.215330550918592767e+00
4.780058651026393157e-01 1.215732645404670853e+00
4.789833822091886795e-01 1.216134606944966778e+00
4.799608993157380432e-01 1.216536435671261795e+00
4.809384164222874070e-01 1.216938131715120219e+00
4.819159335288367707e-01 1.217339695207889205e+00
4.828934506353861345e-01 1.217741126280699415e+00
4.838709677419354982e-01 1.218142425064464796e+00
4.848484848484848619e-01 1.218543591689884797e+00
4.858260019550342257e-01 1.218944626287443045e+00
4.868035190615835894e-01 1.219345528987408667e+00
4.877810361681329532e-01 1.219746299919836963e+00
4.887585532746823169e-01 1.220146939214569404e+00
4.897360703812316807e-01 1.220547447001234742e+00
4.907135874877810444e-01 1.220947823409248345e+00
4.916911045943304082e-01 1.221348068567814193e+00
4.926686217008797719e-01 1.221748182605924660e+00
4.936461388074291357e-01 1.222148165652360285e+00
4.946236559139784994e-01 1.222548017835691558e+00
4.956011730205278631e-01 1.222947739284278690e+00
4.965786901270772269e-01 1.223347330126271615e+00
4.975562072336265906e-01 1.223746790489612213e+00
4.985337243401759544e-01 1.224146120502032309e+00
4.995112414467253181e-01 1.224545320291056116e+00
5.004887585532746819e-01 1.224944389984000237e+00
5.014662756598240456e-01 1.225343329707973661e+00
5.024437927663734094e-01 1.225742139589878654e+00
5.034213098729227731e-01 1.226140819756410760e+00
5.043988269794721369e-01 1.226539370334059909e+00
5.053763440860215006e-01 1.226937791449110637e+00
5.063538611925708643e-01 1.227336083227642538e+00
5.073313782991202281e-01 1.227734245795530477e+00
5.083088954056695918e-01 1.228132279278445482e+00
5.092864125122189556e-01 1.228530183801854747e+00
5.102639296187683193e-01 1.228927959491022515e+00
5.112414467253176831e-01 1.229325606471010524e+00
5.122189638318670468e-01 1.229723124866677786e+00
5.131964809384164106e-01 1.230120514802682363e+00
5.141739980449657743e-01 1.230517776403480479e+00
5.151515151515151381e-01 1.230914909793327405e+00
5.161290322580645018e-01 1.231311915096278353e+00
5.171065493646138655e-01 1.231708792436188471e+00
5.180840664711632293e-01 1.232105541936713733e+00
5.190615835777125930e-01 1.232502163721310717e+00
5.200391006842619568e-01 1.232898657913237495e+00
5.210166177908113205e-01 1.233295024635553849e+00
5.219941348973606843e-01 1.233691264011122390e+00
5.229716520039100480e-01 1.234087376162607885e+00
5.239491691104594118e-01 1.234483361212478814e+00
5.249266862170087755e-01 1.234879219283006924e+00
5.259042033235581393e-01 1.235274950496268342e+00
5.268817204301075030e-01 1.235670554974143354e+00
5.278592375366568668e-01 1.236066032838317508e+00
5.288367546432062305e-01 1.236461384210281844e+00
5.298142717497555942e-01 1.236856609211332891e+00
5.307917888563049580e-01 1.237251707962573333e+00
5.317693059628543217e-01 1.237646680584913339e+00
5.327468230694036855e-01 1.238041527199069236e+00
5.337243401759530492e-01 1.238436247925565725e+00
5.347018572825024130e-01 1.238830842884734773e+00
5.356793743890517767e-01 1.239225312196717388e+00
5.366568914956011405e-01 1.239619655981463175e+00
5.376344086021505042e-01 1.240013874358731005e+00
5.386119257086998680e-01 1.240407967448089233e+00
5.395894428152492317e-01 1.240801935368916586e+00
5.405669599217985954e-01 1.241195778240402614e+00
5.415444770283479592e-01 1.241589496181547014e+00
5.425219941348973229e-01 1.241983089311161859e+00
5.434995112414466867e-01 1.242376557747870036e+00
5.444770283479960504e-01 1.242769901610107475e+00
5.454545454545454142e-01 1.243163121016122030e+00
5.464320625610947779e-01 1.243556216083975263e+00
5.474095796676441417e-01 1.243949186931541995e+00
5.483870967741935054e-01 1.244342033676510306e+00
5.493646138807428692e-01 1.244734756436383538e+00
5.503421309872922329e-01 1.245127355328478957e+00
5.513196480938415966e-01 1.245519830469929312e+00
5.522971652003909604e-01 1.245912181977683053e+00
5.532746823069403241e-01 1.246304409968503668e+00
5.542521994134896879e-01 1.246696514558972346e+00
5.552297165200390516e-01 1.247088495865485536e+00
5.562072336265884154e-01 1.247480354004257830e+00
5.571847507331377791e-01 1.247872089091321079e+00
5.581622678396871429e-01 1.248263701242524837e+00
5.591397849462365066e-01 1.248655190573537244e+00
5.601173020527858704e-01 1.249046557199845031e+00
5.610948191593352341e-01 1.249437801236754408e+00
5.620723362658845979e-01 1.249828922799390396e+00
5.630498533724339616e-01 1.250219922002698603e+00
5.640273704789834364e-01 1.250610798961444781e+00
5.650048875855328001e-01 1.251001553790215270e+00
5.659824046920821639e-01 1.251392186603417223e+00
5.669599217986315276e-01 1.251782697515280152e+00
5.679374389051808913e-01 1.252173086639854604e+00
5.689149560117302551e-01 1.252563354091013714e+00
5.698924731182796188e-01 1.252953499982453200e+00
5.708699902248289826e-01 1.253343524427692035e+00
5.718475073313783463e-01 1.253733427540072443e+00
5.728250244379277101e-01 1.254123209432760566e+00
5.738025415444770738e-01 1.254512870218746245e+00
5.747800586510264376e-01 1.254902410010844793e+00
5.757575757575758013e-01 1.255291828921695663e+00
5.767350928641251651e-01 1.255681127063764224e+00
5.777126099706745288e-01 1.256070304549341099e+00
5.786901270772238925e-01 1.256459361490543269e+00
5.796676441837732563e-01 1.256848297999314301e+00
5.806451612903226200e-01 1.257237114187424343e+00
5.816226783968719838e-01 1.257625810166470792e+00
5.826001955034213475e-01 1.258014386047878741e+00
5.835777126099707113e-01 1.258402841942901196e+00
5.845552297165200750e-01 1.258791177962619745e+00
5.855327468230694388e-01 1.259179394217944337e+00
5.865102639296188025e-01 1.259567490819614166e+00
5.874877810361681663e-01 1.259955467878197677e+00
5.884652981427175300e-01 1.260343325504093448e+00
5.894428152492668938e-01 1.260731063807530195e+00
5.904203323558162575e-01 1.261118682898566989e+00
5.913978494623656212e-01 1.261506182887093708e+00
5.923753665689149850e-01 1.261893563882831915e+00
5.933528836754643487e-01 1.262280825995334643e+00
5.943304007820137125e-01 1.262667969333986617e+00
5.953079178885630762e-01 1.263054994008005583e+00
5.962854349951124400e-01 1.263441900126441197e+00
5.972629521016618037e-01 1.263828687798176809e+00
5.982404692082111675e-01 1.264215357131929007e+00
5.992179863147605312e-01 1.264601908236248295e+00
6.001955034213098950e-01 1.264988341219518864e+00
6.011730205278592587e-01 1.265374656189959923e+00
6.021505376344086224e-01 1.265760853255625262e+00
6.031280547409579862e-01 1.266146932524404134e+00
6.041055718475073499e-01 1.266532894104021034e+00
6.050830889540567137e-01 1.266918738102036590e+00
6.060606060606060774e-01 1.267304464625847560e+00
6.070381231671554412e-01 1.267690073782687277e+00
6.080156402737048049e-01 1.268075565679626537e+00
6.089931573802541687e-01 1.268460940423572492e+00
6.099706744868035324e-01 1.268846198121270863e+00
6.109481915933528962e-01 1.269231338879304838e+00
6.119257086999022599e-01 1.269616362804096177e+00
6.129032258064516236e-01 1.270001270001904992e+00
6.138807429130009874e-01 1.270386060578830856e+00
6.148582600195503511e-01 1.270770734640812583e+00
6.158357771260997149e-01 1.271155292293628225e+00
6.168132942326490786e-01 1.271539733642896852e+00
6.177908113391984424e-01 1.271924058794076773e+00
6.187683284457478061e-01 1.272308267852468200e+00
6.197458455522971699e-01 1.272692360923211030e+00
6.207233626588465336e-01 1.273076338111287953e+00
6.217008797653958974e-01 1.273460199521522451e+00
6.226783968719452611e-01 1.273843945258580357e+00
6.236559139784946248e-01 1.274227575426970072e+00
6.246334310850439886e-01 1.274611090131042346e+00
6.256109481915933523e-01 1.274994489474991166e+00
6.265884652981427161e-01 1.275377773562853978e+00
6.275659824046920798e-01 1.275760942498512129e+00
6.285434995112414436e-01 1.276143996385690427e+00
6.295210166177908073e-01 1.276526935327958689e+00
6.304985337243401711e-01 1.276909759428731084e+00
6.314760508308895348e-01 1.277292468791266788e+00
6.324535679374388986e-01 1.277675063518670440e+00
6.334310850439882623e-01 1.278057543713892574e+00
6.344086021505376261e-01 1.278439909479728964e+00
6.353861192570869898e-01 1.278822160918822615e+00
6.363636363636363535e-01 1.279204298133662654e+00
6.373411534701857173e-01 1.279586321226585222e+00
6.383186705767350810e-01 1.279968230299773913e+00
6.392961876832844448e-01 1.280350025455259777e+00
6.402737047898338085e-01 1.280731706794921765e+00
6.412512218963831723e-01 1.281113274420487391e+00
6.422287390029325360e-01 1.281494728433532293e+00
6.432062561094818998e-01 1.281876068935480895e+00
6.441837732160312635e-01 1.282257296027607296e+00
6.451612903225806273e-01 1.282638409811035052e+00
6.461388074291299910e-01 1.283019410386736947e+00
6.471163245356793547e-01 1.283400297855536332e+00
6.480938416422287185e-01 1.283781072318106897e+00
6.490713587487780822e-01 1.284161733874973343e+00
6.500488758553274460e-01 1.284542282626510934e+00
6.510263929618768097e-01 1.284922718672946829e+00
6.520039100684261735e-01 1.285303042114359195e+00
6.529814271749755372e-01 1.285683253050678765e+00
6.539589442815249010e-01 1.286063351581688163e+00
6.549364613880742647e-01 1.286443337807023024e+00
6.559139784946236285e-01 1.286823211826171320e+00
6.568914956011729922e-01 1.287202973738474920e+00
6.578690127077223559e-01 1.287582623643128477e+00
6.588465298142717197e-01 1.287962161639180980e+00
6.598240469208210834e-01 1.288341587825535095e+00
6.608015640273704472e-01 1.288720902300948268e+00
6.617790811339198109e-01 1.289100105164032506e+00
6.627565982404691747e-01 1.289479196513254822e+00
6.637341153470185384e-01 1.289858176446937232e+00
6.647116324535679022e-01 1.290237045063258092e+00
6.656891495601172659e-01 1.290615802460250761e+00
6.666666666666666297e-01 1.290994448735805600e+00
6.676441837732159934e-01 1.291372983987668865e+00
6.686217008797653572e-01 1.291751408313443816e+00
6.695992179863147209e-01 1.292129721810590715e+00
6.705767350928640846e-01 1.292507924576427492e+00
6.715542521994134484e-01 1.292886016708129304e+00
6.725317693059628121e-01 1.293263998302729645e+00
6.735092864125121759e-01 1.293641869457119897e+00
6.744868035190615396e-01 1.294019630268050225e+00
6.754643206256109034e-01 1.294397280832129571e+00
6.764418377321602671e-01 1.294774821245825880e+00
6.774193548387096309e-01 1.295152251605466542e+00
6.783968719452589946e-01 1.295529572007238617e+00
6.793743890518083584e-01 1.295906782547189273e+00
6.803519061583577221e-01 1.296283883321225794e+00
6.813294232649070858e-01 1.296660874425116239e+00
6.823069403714564496e-01 1.297037755954489002e+00
6.832844574780058133e-01 1.297414528004833922e+00
6.842619745845551771e-01 1.297791190671502060e+00
6.852394916911045408e-01 1.298167744049706585e+00
6.862170087976539046e-01 1.298544188234522112e+00
6.871945259042032683e-01 1.298920523320885589e+00
6.881720430107527431e-01 1.299296749403596740e+00
6.891495601173021068e-01 1.299672866577317620e+00
6.901270772238514706e-01 1.300048874936573950e+00
6.911045943304008343e-01 1.300424774575754006e+00
6.920821114369501981e-01 1.300800565589110613e+00
6.930596285434995618e-01 1.301176248070759822e+00
6.940371456500489256e-01 1.301551822114682011e+00
6.950146627565982893e-01 1.301927287814722112e+00
6.959921798631476531e-01 1.302302645264589609e+00
6.969696969696970168e-01 1.302677894557859206e+00
6.979472140762463805e-01 1.303053035787970604e+00
6.989247311827957443e-01 1.303428069048229387e+00
6.999022482893451080e-01 1.303802994431806361e+00
7.008797653958944718e-01 1.304177812031739103e+00
7.018572825024438355e-01 1.304552521940931298e+00
7.028347996089931993e-01 1.304927124252152737e+00
7.038123167155425630e-01 1.305301619058040652e+00
7.047898338220919268e-01 1.305676006451099713e+00
7.057673509286412905e-01 1.306050286523700921e+00
7.067448680351906543e-01 1.306424459368084046e+00
7.077223851417400180e-01 1.306798525076356299e+00
7.086999022482893817e-01 1.307172483740492996e+00
7.096774193548387455e-01 1.307546335452338226e+00
7.106549364613881092e-01 1.307920080303604848e+00
7.116324535679374730e-01 1.308293718385874271e+00
7.126099706744868367e-01 1.308667249790597786e+00
7.135874877810362005e-01 1.309040674609095678e+00
7.145650048875855642e-01 1.309413992932558113e+00
7.155425219941349280e-01 1.309787204852045805e+00
7.165200391006842917e-01 1.310160310458488908e+00
7.174975562072336555e-01 1.310533309842689009e+00
7.184750733137830192e-01 1.310906203095318023e+00
7.194525904203323829e-01 1.311278990306918857e+00
7.204301075268817467e-01 1.311651671567905852e+00
7.214076246334311104e-01 1.312024246968565455e+00
7.223851417399804742e-01 1.312396716599055102e+00
7.233626588465298379e-01 1.312769080549404777e+00
7.243401759530792017e-01 1.313141338909517009e+00
7.253176930596285654e-01 1.313513491769166652e+00
7.262952101661779292e-01 1.313885539218001330e+00
7.272727272727272929e-01 1.314257481345541878e+00
7.282502443792766567e-01 1.314629318241182565e+00
7.292277614858260204e-01 1.315001049994191540e+00
7.302052785923753842e-01 1.315372676693709941e+00
7.311827956989247479e-01 1.315744198428754119e+00
7.321603128054741116e-01 1.316115615288214080e+00
7.331378299120234754e-01 1.316486927360854375e+00
7.341153470185728391e-01 1.316858134735314989e+00
7.350928641251222029e-01 1.317229237500110450e+00
7.360703812316715666e-01 1.317600235743630943e+00
7.370478983382209304e-01 1.317971129554142085e+00
7.380254154447702941e-01 1.318341919019785369e+00
7.390029325513196579e-01 1.318712604228578611e+00
7.399804496578690216e-01 1.319083185268415503e+00
7.409579667644183854e-01 1.319453662227066726e+00
7.419354838709677491e-01 1.319824035192179501e+00
7.429130009775171128e-01 1.320194304251278483e+00
7.438905180840664766e-01 1.320564469491764870e+00
7.448680351906158403e-01 1.320934531000918177e+00
7.458455522971652041e-01 1.321304488865895355e+00
7.468230694037145678e-01 1.321674343173731447e+00
7.478005865102639316e-01 1.322044094011339599e+00
7.487781036168132953e-01 1.322413741465511716e+00
7.497556207233626591e-01 1.322783285622918248e+00
7.507331378299120228e-01 1.323152726570108406e+00
7.517106549364613866e-01 1.323522064393511055e+00
7.526881720430107503e-01 1.323891299179434489e+00
7.536656891495601140e-01 1.324260431014066208e+00
7.546432062561094778e-01 1.324629459983473811e+00
7.556207233626588415e-01 1.324998386173605436e+00
7.565982404692082053e-01 1.325367209670289093e+00
7.575757575757575690e-01 1.325735930559233777e+00
7.585532746823069328e-01 1.326104548926029025e+00
7.595307917888562965e-01 1.326473064856145578e+00
7.605083088954056603e-01 1.326841478434935606e+00
7.614858260019550240e-01 1.327209789747632485e+00
7.624633431085043878e-01 1.327577998879351906e+00
7.634408602150537515e-01 1.327946105915090769e+00
7.644183773216031152e-01 1.328314110939729176e+00
7.653958944281524790e-01 1.328682014038028658e+00
7.663734115347018427e-01 1.329049815294634396e+00
7.673509286412512065e-01 1.329417514794073663e+00
7.683284457478005702e-01 1.329785112620757381e+00
7.693059628543499340e-01 1.330152608858979679e+00
7.702834799608992977e-01 1.330520003592918332e+00
7.712609970674486615e-01 1.330887296906634543e+00
7.722385141739980252e-01 1.331254488884074272e+00
7.732160312805473890e-01 1.331621579609067130e+00
7.741935483870967527e-01 1.331988569165327707e+00
7.751710654936461165e-01 1.332355457636454465e+00
7.761485826001954802e-01 1.332722245105931735e+00
7.771260997067448439e-01 1.333088931657128828e+00
7.781036168132942077e-01 1.333455517373299593e+00
7.790811339198435714e-01 1.333822002337584633e+00
7.800586510263929352e-01 1.334188386633009538e+00
7.810361681329422989e-01 1.334554670342486205e+00
7.820136852394916627e-01 1.334920853548813069e+00
7.829912023460410264e-01 1.335286936334674435e+00
7.839687194525903902e-01 1.335652918782641807e+00
7.849462365591397539e-01 1.336018800975173226e+00
7.859237536656891177e-01 1.336384582994614378e+00
7.869012707722384814e-01 1.336750264923197484e+00
7.878787878787878451e-01 1.337115846843042855e+00
7.888563049853372089e-01 1.337481328836158889e+00
7.898338220918865726e-01 1.337846710984440968e+00
7.908113391984359364e-01 1.338211993369673891e+00
7.917888563049853001e-01 1.338577176073529662e+00
7.927663734115346639e-01 1.338942259177569927e+00
7.937438905180840276e-01 1.339307242763244421e+00
7.947214076246333914e-01 1.339672126911892303e+00
7.956989247311827551e-01 1.340036911704742151e+00
7.966764418377321189e-01 1.340401597222911523e+00
7.976539589442814826e-01 1.340766183547407842e+00
7.986314760508308463e-01 1.341130670759128840e+00
7.996089931573802101e-01 1.341495058938861673e+00
8.005865102639295738e-01 1.341859348167284471e+00
8.015640273704789376e-01 1.342223538524965232e+00
8.025415444770283013e-01 1.342587630092363149e+00
8.035190615835776651e-01 1.342951622949828172e+00
8.044965786901270288e-01 1.343315517177601448e+00
8.054740957966763926e-01 1.343679312855815544e+00
8.064516129032257563e-01 1.344043010064494004e+00
8.074291300097751201e-01 1.344406608883553123e+00
8.084066471163244838e-01 1.344770109392800395e+00
8.093841642228738475e-01 1.345133511671935844e+00
8.103616813294232113e-01 1.345496815800551582e+00
8.113391984359725750e-01 1.345860021858132471e+00
8.123167155425219388e-01 1.346223129924056128e+00
8.132942326490713025e-01 1.346586140077593141e+00
8.142717497556207773e-01 1.346949052397907520e+00
8.152492668621701410e-01 1.347311866964056026e+00
8.162267839687195048e-01 1.347674583854989727e+00
8.172043010752688685e-01 1.348037203149552887e+00
8.181818181818182323e-01 1.348399724926484300e+00
8.191593352883675960e-01 1.348762149264416399e+00
8.201368523949169598e-01 1.349124476241876369e+00
8.211143695014663235e-01 1.349486705937285702e+00
8.220918866080156873e-01 1.349848838428961306e+00
8.230694037145650510e-01 1.350210873795113953e+00
8.240469208211144148e-01 1.350572812113850718e+00
8.250244379276637785e-01 1.350934653463173207e+00
8.260019550342131422e-01 1.351296397920979109e+00
8.269794721407625060e-01 1.351658045565061750e+00
8.279569892473118697e-01 1.352019596473110319e+00
8.289345063538612335e-01 1.352381050722710087e+00
8.299120234604105972e-01 1.352742408391342854e+00
8.308895405669599610e-01 1.353103669556386945e+00
8.318670576735093247e-01 1.353464834295117436e+00
8.328445747800586885e-01 1.353825902684705929e+00
8.338220918866080522e-01 1.354186874802221663e+00
8.347996089931574160e-01 1.354547750724631072e+00
8.357771260997067797e-01 1.354908530528798005e+00
8.367546432062561435e-01 1.355269214291483948e+00
8.377321603128055072e-01 1.355629802089348246e+00
8.387096774193548709e-01 1.355990293998948548e+00
8.396871945259042347e-01 1.356350690096740585e+00
8.406647116324535984e-01 1.356710990459078392e+00
8.416422287390029622e-01 1.357071195162215194e+00
8.426197458455523259e-01 1.357431304282302298e+00
8.435972629521016897e-01 1.357791317895390648e+00
8.445747800586510534e-01 1.358151236077430157e+00
8.455522971652004172e-01 1.358511058904269930e+00
8.465298142717497809e-01 1.358870786451658930e+00
8.475073313782991447e-01 1.359230418795245754e+00
8.484848484848485084e-01 1.359589956010579082e+00
8.494623655913978721e-01 1.359949398173107671e+00
8.504398826979472359e-01 1.360308745358180582e+00
8.514173998044965996e-01 1.360667997641047178e+00
8.523949169110459634e-01 1.361027155096857788e+00
8.533724340175953271e-01 1.361386217800663490e+00
8.543499511241446909e-01 1.361745185827416327e+00
8.553274682306940546e-01 1.362104059251969979e+00
8.563049853372434184e-01 1.362462838149079092e+00
8.572825024437927821e-01 1.362821522593399948e+00
8.582600195503421459e-01 1.363180112659490906e+00
8.592375366568915096e-01 1.363538608421811960e+00
8.602150537634408733e-01 1.363897009954725625e+00
8.611925708699902371e-01 1.364255317332496276e+00
8.621700879765396008e-01 1.364613530629291249e+00
8.631476050830889646e-01 1.364971649919180186e+00
8.641251221896383283e-01 1.365329675276135912e+00
8.651026392961876921e-01 1.365687606774033780e+00
8.660801564027370558e-01 1.366045444486652993e+00
8.670576735092864196e-01 1.366403188487675724e+00
8.680351906158357833e-01 1.366760838850687776e+00
8.690127077223851471e-01 1.367118395649179030e+00
8.699902248289345108e-01 1.367475858956542778e+00
8.709677419354838745e-01 1.367833228846076832e+00
8.719452590420332383e-01 1.368190505390982858e+00
8.729227761485826020e-01 1.368547688664367490e+00
8.739002932551319658e-01 1.368904778739241657e+00
8.748778103616813295e-01 1.369261775688521032e+00
8.758553274682306933e-01 1.369618679585026255e+00
8.768328445747800570e-01 1.369975490501483373e+00
8.778103616813294208e-01 1.370332208510523841e+00
8.787878787878787845e-01 1.370688833684683861e+00
8.797653958944281483e-01 1.371045366096406148e+00
8.807429130009775120e-01 1.371401805818038833e+00
8.817204301075268758e-01 1.371758152921835894e+00
8.826979472140762395e-01 1.372114407479958054e+00
8.836754643206256032e-01 1.372470569564471887e+00
8.846529814271749670e-01 1.372826639247350489e+00
8.856304985337243307e-01 1.373182616600473915e+00
8.866080156402736945e-01 1.373538501695629188e+00
8.875855327468230582e-01 1.373894294604509625e+00
8.885630498533724220e-01 1.374249995398716617e+00
8.895405669599217857e-01 1.374605604149758298e+00
8.905180840664711495e-01 1.374961120929050651e+00
8.914956011730205132e-01 1.375316545807917068e+00
8.924731182795698770e-01 1.375671878857589459e+00
8.934506353861192407e-01 1.376027120149206695e+00
8.944281524926686044e-01 1.376382269753816834e+00
8.954056695992179682e-01 1.376737327742375783e+00
8.963831867057673319e-01 1.377092294185748189e+00
8.973607038123166957e-01 1.377447169154707218e+00
8.983382209188660594e-01 1.377801952719934997e+00
8.993157380254154232e-01 1.378156644952022614e+00
9.002932551319647869e-01 1.378511245921470563e+00
9.012707722385141507e-01 1.378865755698688078e+00
9.022482893450635144e-01 1.379220174353994688e+00
9.032258064516128782e-01 1.379574501957619104e+00
9.042033235581622419e-01 1.379928738579700109e+00
9.051808406647116056e-01 1.380282884290286338e+00
9.061583577712609694e-01 1.380636939159336274e+00
9.071358748778103331e-01 1.380990903256719582e+00
9.081133919843596969e-01 1.381344776652215778e+00
9.090909090909090606e-01 1.381698559415514893e+00
9.100684261974584244e-01 1.382052251616218141e+00
9.110459433040077881e-01 1.382405853323837697e+00
9.120234604105571519e-01 1.382759364607796471e+00
9.130009775171065156e-01 1.383112785537429223e+00
9.139784946236558794e-01 1.383466116181981453e+00
9.149560117302052431e-01 1.383819356610610951e+00
9.159335288367546068e-01 1.384172506892386911e+00
9.169110459433039706e-01 1.384525567096290155e+00
9.178885630498533343e-01 1.384878537291214462e+00
9.188660801564026981e-01 1.385231417545964794e+00
9.198435972629520618e-01 1.385584207929259071e+00
9.208211143695014256e-01 1.385936908509727727e+00
9.217986314760507893e-01 1.386289519355913935e+00
9.227761485826001531e-01 1.386642040536273379e+00
9.237536656891495168e-01 1.386994472119175148e+00
9.247311827956988806e-01 1.387346814172901288e+00
9.257086999022482443e-01 1.387699066765647249e+00
9.266862170087976081e-01 1.388051229965521660e+00
9.276637341153469718e-01 1.388403303840547220e+00
9.286412512218963355e-01 1.388755288458660253e+00
9.296187683284456993e-01 1.389107183887710484e+00
9.305962854349950630e-01 1.389458990195462817e+00
9.315738025415444268e-01 1.389810707449595339e+00
9.325513196480937905e-01 1.390162335717700870e+00
9.335288367546431543e-01 1.390513875067287186e+00
9.345063538611925180e-01 1.390865325565776134e+00
9.354838709677418818e-01 1.391216687280504738e+00
9.364613880742912455e-01 1.391567960278724980e+00
9.374389051808406093e-01 1.391919144627604021e+00
9.384164222873900840e-01 1.392270240394223979e+00
9.393939393939394478e-01 1.392621247645582816e+00
9.403714565004888115e-01 1.392972166448593674e+00
9.413489736070381753e-01 1.393322996870086206e+00
9.423264907135875390e-01 1.393673738976805021e+00
9.433040078201369028e-01 1.394024392835411241e+00
9.442815249266862665e-01 1.394374958512482054e+00
9.452590420332356302e-01 1.394725436074511382e+00
9.462365591397849940e-01 1.395075825587908769e+00
9.472140762463343577e-01 1.395426127119000936e+00
9.481915933528837215e-01 1.395776340734031784e+00
9.491691104594330852e-01 1.396126466499161056e+00
9.501466275659824490e-01 1.396476504480466563e+00
9.511241446725318127e-01 1.396826454743942625e+00
9.521016617790811765e-01 1.397176317355501629e+00
9.530791788856305402e-01 1.397526092380972473e+00
9.540566959921799040e-01 1.397875779886102787e+00
9.550342130987292677e-01 1.398225379936556934e+00
9.560117302052786314e-01 1.398574892597918229e+00
9.569892473118279952e-01 1.398924317935687389e+00
9.579667644183773589e-01 1.399273656015283196e+00
9.589442815249267227e-01 1.399622906902043606e+00
9.599217986314760864e-01 1.399972070661224421e+00
9.608993157380254502e-01 1.400321147357999951e+00
9.618768328445748139e-01 1.400670137057463904e+00
9.628543499511241777e-01 1.401019039824628498e+00
9.638318670576735414e-01 1.401367855724425349e+00
9.648093841642229052e-01 1.401716584821704581e+00
9.657869012707722689e-01 1.402065227181236384e+00
9.667644183773216326e-01 1.402413782867710346e+00
9.677419354838709964e-01 1.402762251945735450e+00
9.687194525904203601e-01 1.403110634479840524e+00
9.696969696969697239e-01 1.403458930534474014e+00
9.706744868035190876e-01 1.403807140174005097e+00
9.716520039100684514e-01 1.404155263462722791e+00
9.726295210166178151e-01 1.404503300464836180e+00
9.736070381231671789e-01 1.404851251244475074e+00
9.745845552297165426e-01 1.405199115865689796e+00
9.755620723362659064e-01 1.405546894392451840e+00
9.765395894428152701e-01 1.405894586888652542e+00
9.775171065493646338e-01 1.406242193418105524e+00
9.784946236559139976e-01 1.406589714044544692e+00
9.794721407624633613e-01 1.406937148831625350e+00
9.804496578690127251e-01 1.407284497842924642e+00
9.814271749755620888e-01 1.407631761141940885e+00
9.824046920821114526e-01 1.407978938792094015e+00
9.833822091886608163e-01 1.408326030856726252e+00
9.843597262952101801e-01 1.408673037399101435e+00
9.853372434017595438e-01 1.409019958482405466e+00
9.863147605083089076e-01 1.409366794169746528e+00
9.872922776148582713e-01 1.409713544524155537e+00
9.882697947214076351e-01 1.410060209608585247e+00
9.892473118279569988e-01 1.410406789485911805e+00
9.902248289345063625e-01 1.410753284218933201e+00
9.912023460410557263e-01 1.411099693870371263e+00
9.921798631476050900e-01 1.411446018502870325e+00
9.931573802541544538e-01 1.411792258178997894e+00
9.941348973607038175e-01 1.412138412961245093e+00
9.951124144672531813e-01 1.412484482912025996e+00
9.960899315738025450e-01 1.412830468093678515e+00
9.970674486803519088e-01 1.413176368568464181e+00
9.980449657869012725e-01 1.413522184398568804e+00
9.990224828934506363e-01 1.413867915646101148e+00
1.000000000000000000e+00 1.414213562373095145e+00
