0.000000000000000000e+00 1.000000000000000000e+00
9.775171065493646130e-04 9.838400442739371199e-01
1.955034213098729226e-03 9.679412327169424346e-01
2.932551319648093839e-03 9.522993452508058398e-01
3.910068426197458452e-03 9.369102299935941902e-01
4.887585532746823065e-03 9.217698021576021805e-01
5.865102639296187678e-03 9.068740429651136470e-01
6.842619745845552291e-03 8.922189985816816327e-01
7.820136852394916904e-03 8.778007790666494392e-01
8.797653958944280650e-03 8.636155573406288921e-01
9.775171065493646130e-03 8.496595681696651470e-01
1.075268817204301161e-02 8.359291071658175865e-01
1.173020527859237536e-02 8.224205298038906875e-01
1.270772238514173910e-02 8.091302504540546225e-01
1.368523949169110458e-02 7.960547414300989111e-01
1.466275659824047006e-02 7.831905320530659909e-01
1.564027370478983381e-02 7.705342077300167958e-01
1.661779081133919755e-02 7.580824090476827593e-01
1.759530791788856130e-02 7.458318308807651009e-01
1.857282502443792851e-02 7.337792215146433650e-01
1.955034213098729226e-02 7.219213817822618395e-01
2.052785923753665601e-02 7.102551642149623756e-01
2.150537634408602322e-02 6.987774722070410061e-01
2.248289345063538697e-02 6.874852591938049873e-01
2.346041055718475071e-02 6.763755278429123274e-01
2.443792766373411446e-02 6.654453292587784174e-01
2.541544477028347820e-02 6.546917621998411541e-01
2.639296187683284542e-02 6.441119723084735016e-01
2.737047898338220916e-02 6.337031513533415428e-01
2.834799608993157291e-02 6.234625364840050699e-01
2.932551319648094013e-02 6.133874094975645397e-01
3.030303030303030387e-02 6.034750961171595485e-01
3.128054740957966762e-02 5.937229652821246484e-01
3.225806451612903136e-02 5.841284284496187640e-01
3.323558162267839511e-02 5.746889389075381382e-01
3.421309872922775885e-02 5.654019910985342845e-01
3.519061583577712260e-02 5.562651199549542014e-01
3.616813294232649328e-02 5.472759002445289900e-01
3.714565004887585703e-02 5.384319459266361241e-01
3.812316715542522078e-02 5.297309095189638439e-01
3.910068426197458452e-02 5.211704814744103631e-01
4.007820136852394827e-02 5.127483895680529091e-01
4.105571847507331201e-02 5.044623982940231732e-01
4.203323558162267576e-02 4.963103082721282422e-01
4.301075268817204644e-02 4.882899556640619143e-01
4.398826979472141019e-02 4.803992115990495249e-01
4.496578690127077393e-02 4.726359816087732368e-01
4.594330400782013768e-02 4.649982050714312476e-01
4.692082111436950143e-02 4.574838546647782000e-01
4.789833822091886517e-02 4.500909358280067440e-01
4.887585532746822892e-02 4.428174862323239758e-01
4.985337243401759266e-02 4.356615752600831448e-01
5.083088954056695641e-02 4.286213034923332943e-01
5.180840664711632709e-02 4.216948022046498323e-01
5.278592375366569084e-02 4.148802328711118093e-01
5.376344086021505458e-02 4.081757866762960041e-01
5.474095796676441833e-02 4.015796840351561481e-01
5.571847507331378208e-02 3.950901741206616635e-01
5.669599217986314582e-02 3.887055343990692968e-01
5.767350928641250957e-02 3.824240701727046887e-01
5.865102639296188025e-02 3.762441141301329783e-01
5.962854349951124400e-02 3.701640259035983149e-01
6.060606060606060774e-02 3.641821916336149267e-01
6.158357771260997149e-02 3.582970235405951720e-01
6.256109481915933523e-02 3.525069595033989978e-01
6.353861192570869898e-02 3.468104626446950056e-01
6.451612903225806273e-02 3.412060209230213803e-01
6.549364613880742647e-02 3.356921467314392116e-01
6.647116324535679022e-02 3.302673765026721830e-01
6.744868035190615396e-02 3.249302703206260468e-01
6.842619745845551771e-02 3.196794115381870194e-01
6.940371456500488145e-02 3.145134064011961272e-01
7.038123167155424520e-02 3.094308836784995798e-01
7.135874877810362282e-02 3.044304942979783601e-01
7.233626588465298657e-02 2.995109109884596110e-01
7.331378299120235031e-02 2.946708279274132813e-01
7.429130009775171406e-02 2.899089603943439952e-01
7.526881720430107781e-02 2.852240444297824973e-01
7.624633431085044155e-02 2.806148364997886335e-01
7.722385141739980530e-02 2.760801131658756624e-01
7.820136852394916904e-02 2.716186707602686878e-01
7.917888563049853279e-02 2.672293250664106723e-01
8.015640273704789653e-02 2.629109110046317643e-01
8.113391984359726028e-02 2.586622823228980628e-01
8.211143695014662403e-02 2.544823112925576614e-01
8.308895405669598777e-02 2.503698884090037602e-01
8.406647116324535152e-02 2.463239220971749632e-01
8.504398826979471526e-02 2.423433384218144637e-01
8.602150537634409289e-02 2.384270808024115673e-01
8.699902248289345663e-02 2.345741097327501412e-01
8.797653958944282038e-02 2.307834025049883275e-01
8.895405669599218412e-02 2.270539529381975230e-01
8.993157380254154787e-02 2.233847711112886547e-01
9.090909090909091161e-02 2.197748831002535874e-01
9.188660801564027536e-02 2.162233307196528009e-01
9.286412512218963911e-02 2.127291712682813363e-01
9.384164222873900285e-02 2.092914772789439271e-01
9.481915933528836660e-02 2.059093362722738407e-01
9.579667644183773034e-02 2.025818505145308701e-01
9.677419354838709409e-02 1.993081367793122227e-01
9.775171065493645783e-02 1.960873261131144130e-01
9.872922776148582158e-02 1.929185636046844010e-01
9.970674486803518533e-02 1.898010081580970843e-01
1.006842619745845491e-01 1.867338322695001052e-01
1.016617790811339128e-01 1.837162218074669118e-01
1.026392961876832904e-01 1.807473757968986461e-01
1.036168132942326542e-01 1.778265062064187385e-01
1.045943304007820179e-01 1.749528377392025602e-01
1.055718475073313817e-01 1.721256076271879543e-01
1.065493646138807454e-01 1.693440654286109404e-01
1.075268817204301092e-01 1.666074728288131079e-01
1.085043988269794729e-01 1.639151034442682120e-01
1.094819159335288367e-01 1.612662426297758467e-01
1.104594330400782004e-01 1.586601872887701548e-01
1.114369501466275642e-01 1.560962456866947512e-01
1.124144672531769279e-01 1.535737372673931511e-01
1.133919843597262916e-01 1.510919924724660468e-01
1.143695014662756554e-01 1.486503525635483602e-01
1.153470185728250191e-01 1.462481694474577765e-01
1.163245356793743829e-01 1.438848055041691276e-01
1.173020527859237605e-01 1.415596334175685256e-01
1.182795698924731242e-01 1.392720360089429454e-01
1.192570869990224880e-01 1.370214060731597960e-01
1.202346041055718517e-01 1.348071462174946500e-01
1.212121212121212155e-01 1.326286687030630296e-01
1.221896383186705792e-01 1.304853952888148372e-01
1.231671554252199430e-01 1.283767570780497969e-01
1.241446725317693067e-01 1.263021943674129677e-01
1.251221896383186705e-01 1.242611564983309713e-01
1.260997067448680342e-01 1.222531017108486051e-01
1.270772238514173980e-01 1.202774969998273991e-01
1.280547409579667617e-01 1.183338179734685081e-01
1.290322580645161255e-01 1.164215487141213035e-01
1.300097751710654892e-01 1.145401816413414153e-01
1.309872922776148529e-01 1.126892173771621153e-01
1.319648093841642167e-01 1.108681646135425275e-01
1.329423264907135804e-01 1.090765399819578069e-01
1.339198435972629442e-01 1.073138679250972283e-01
1.348973607038123079e-01 1.055796805706351177e-01
1.358748778103616717e-01 1.038735176070417765e-01
1.368523949169110354e-01 1.021949261614015503e-01
1.378299120234603992e-01 1.005434606792050545e-01
1.388074291300097629e-01 9.891868280608394348e-02
1.397849462365591267e-01 9.732016127145715068e-02
1.407624633431084904e-01 9.574747177405712462e-02
1.417399804496578819e-01 9.420019686930584946e-02
1.427174975562072456e-01 9.267792585851145071e-02
1.436950146627566094e-01 9.118025467985454990e-02
1.446725317693059731e-01 8.970678580113698730e-02
1.456500488758553369e-01 8.825712811426318638e-02
1.466275659824047006e-01 8.683089683142722337e-02
1.476050830889540644e-01 8.542771338297704131e-02
1.485826001955034281e-01 8.404720531692932983e-02
1.495601173020527919e-01 8.268900620010842528e-02
1.505376344086021556e-01 8.135275552088254425e-02
1.515151515151515194e-01 8.003809859347185696e-02
1.524926686217008831e-01 7.874468646380311521e-02
1.534701857282502468e-01 7.747217581688534138e-02
1.544477028347996106e-01 7.622022888568269483e-02
1.554252199413489743e-01 7.498851336145970214e-02
1.564027370478983381e-01 7.377670230557523134e-02
1.573802541544477018e-01 7.258447406270220059e-02
1.583577712609970656e-01 7.141151217544938756e-02
1.593352883675464293e-01 7.025750530036291297e-02
1.603128054740957931e-01 6.912214712528541583e-02
1.612903225806451568e-01 6.800513628805041066e-02
1.622678396871945206e-01 6.690617629649063536e-02
1.632453567937438843e-01 6.582497544973917036e-02
1.642228739002932481e-01 6.476124676080223519e-02
1.652003910068426118e-01 6.371470788038302580e-02
1.661779081133919755e-01 6.268508102193698361e-02
1.671554252199413393e-01 6.167209288793783911e-02
1.681329423264907030e-01 6.067547459733511894e-02
1.691104594330400668e-01 5.969496161418431923e-02
1.700879765395894305e-01 5.873029367743008711e-02
1.710654936461387943e-01 5.778121473182414036e-02
1.720430107526881858e-01 5.684747285995968985e-02
1.730205278592375495e-01 5.592882021540419857e-02
1.739980449657869133e-01 5.502501295691229755e-02
1.749755620723362770e-01 5.413581118370257295e-02
1.759530791788856408e-01 5.326097887177945467e-02
1.769305962854350045e-01 5.240028381128469803e-02
1.779081133919843682e-01 5.155349754486122232e-02
1.788856304985337320e-01 5.072039530701258347e-02
1.798631476050830957e-01 4.990075596444282224e-02
1.808406647116324595e-01 4.909436195736036762e-02
1.818181818181818232e-01 4.830099924173013315e-02
1.827956989247311870e-01 4.752045723245915121e-02
1.837732160312805507e-01 4.675252874750035481e-02
1.847507331378299145e-01 4.599700995285928296e-02
1.857282502443792782e-01 4.525370030848976932e-02
1.867057673509286420e-01 4.452240251506407037e-02
1.876832844574780057e-01 4.380292246160269465e-02
1.886608015640273694e-01 4.309506917395100611e-02
1.896383186705767332e-01 4.239865476408834905e-02
1.906158357771260969e-01 4.171349438025606648e-02
1.915933528836754607e-01 4.103940615789173491e-02
1.925708699902248244e-01 4.037621117135629933e-02
1.935483870967741882e-01 3.972373338644102914e-02
1.945259042033235519e-01 3.908179961364218608e-02
1.955034213098729157e-01 3.845023946219087996e-02
1.964809384164222794e-01 3.782888529482537204e-02
1.974584555229716432e-01 3.721757218329465461e-02
1.984359726295210069e-01 3.661613786458107339e-02
1.994134897360703707e-01 3.602442269783003720e-02
2.003910068426197344e-01 3.544226962197610797e-02
2.013685239491690981e-01 3.486952411405380009e-02
2.023460410557184619e-01 3.430603414818182012e-02
2.033235581622678256e-01 3.375165015521038037e-02
2.043010752688172171e-01 3.320622498302060882e-02
2.052785923753665809e-01 3.266961385746530722e-02
2.062561094819159446e-01 3.214167434394110678e-02
2.072336265884653084e-01 3.162226630958148155e-02
2.082111436950146721e-01 3.111125188606087000e-02
2.091886608015640359e-01 3.060849543299974315e-02
2.101661779081133996e-01 3.011386350196106412e-02
2.111436950146627634e-01 2.962722480102866762e-02
2.121212121212121271e-01 2.914845015995793862e-02
2.130987292277614908e-01 2.867741249588966201e-02
2.140762463343108546e-01 2.821398677961803672e-02
2.150537634408602183e-01 2.775805000240369469e-02
2.160312805474095821e-01 2.730948114332300627e-02
2.170087976539589458e-01 2.686816113714515092e-02
2.179863147605083096e-01 2.643397284272816852e-02
2.189638318670576733e-01 2.600680101192573077e-02
2.199413489736070371e-01 2.558653225899647915e-02
2.209188660801564008e-01 2.517305503050762047e-02
2.218963831867057646e-01 2.476625957572486936e-02
2.228739002932551283e-01 2.436603791748096978e-02
2.238514173998044920e-01 2.397228382351491299e-02
2.248289345063538558e-01 2.358489277827429537e-02
2.258064516129032195e-01 2.320376195517344017e-02
2.267839687194525833e-01 2.282879018929974066e-02
2.277614858260019470e-01 2.245987795056107392e-02
2.287390029325513108e-01 2.209692731726722523e-02
2.297165200391006745e-01 2.173984195013816539e-02
2.306940371456500383e-01 2.138852706673232199e-02
2.316715542521994020e-01 2.104288941628822823e-02
2.326490713587487658e-01 2.070283725497257948e-02
2.336265884652981295e-01 2.036828032152833076e-02
2.346041055718475210e-01 2.003912981331638227e-02
2.355816226783968848e-01 1.971529836274436842e-02
2.365591397849462485e-01 1.939670001407629851e-02
2.375366568914956122e-01 1.908325020061709884e-02
2.385141739980449760e-01 1.877486572226574890e-02
2.394916911045943397e-01 1.847146472343115520e-02
2.404692082111437035e-01 1.817296667130497909e-02
2.414467253176930672e-01 1.787929233448546512e-02
2.424242424242424310e-01 1.759036376194684712e-02
2.434017595307917947e-01 1.730610426234845123e-02
2.443792766373411585e-01 1.702643838367826068e-02
2.453567937438905222e-01 1.675129189322548812e-02
2.463343108504398860e-01 1.648059175787661146e-02
2.473118279569892497e-01 1.621426612472999865e-02
2.482893450635386134e-01 1.595224430202376448e-02
2.492668621700879772e-01 1.569445674037172472e-02
2.502443792766373409e-01 1.544083501430269963e-02
2.512218963831867047e-01 1.519131180409813084e-02
2.521994134897360684e-01 1.494582087792309215e-02
2.531769305962854322e-01 1.470429707424618024e-02
2.541544477028347959e-01 1.446667628454349069e-02
2.551319648093841597e-01 1.423289543628198685e-02
2.561094819159335234e-01 1.400289247617797841e-02
2.570869990224828872e-01 1.377660635372612678e-02
2.580645161290322509e-01 1.355397700499452046e-02
2.590420332355816146e-01 1.333494533668172673e-02
2.600195503421309784e-01 1.311945321043148441e-02
2.609970674486803421e-01 1.290744342740076170e-02
2.619745845552297059e-01 1.269885971307729497e-02
2.629521016617790696e-01 1.249364670234248686e-02
2.639296187683284334e-01 1.229174992477556280e-02
2.649071358748777971e-01 1.209311579019534642e-02
2.658846529814271609e-01 1.189769157443563985e-02
2.668621700879765246e-01 1.170542540535041143e-02
2.678396871945258884e-01 1.151626624904521050e-02
2.688172043010752521e-01 1.133016389633108995e-02
2.697947214076246158e-01 1.114706894939734676e-02
2.707722385141739796e-01 1.096693280869970831e-02
2.717497556207233433e-01 1.078970766006041686e-02
2.727272727272727071e-01 1.061534646197668207e-02
2.737047898338220708e-01 1.044380293313431490e-02
2.746823069403714346e-01 1.027503154012314110e-02
2.756598240469207983e-01 1.010898748535085483e-02
2.766373411534701621e-01 9.945626695152254282e-03
2.776148582600195258e-01 9.784905808090648208e-03
2.785923753665688896e-01 9.626782163448210222e-03
2.795698924731182533e-01 9.471213789902429084e-03
2.805474095796676171e-01 9.318159394385532382e-03
2.815249266862169808e-01 9.167578351123866973e-03
2.825024437927664001e-01 9.019430690854479682e-03
2.834799608993157638e-01 8.873677090215980473e-03
2.844574780058651275e-01 8.730278861310706087e-03
2.854349951124144913e-01 8.589197941435745137e-03
2.864125122189638550e-01 8.450396882979754193e-03
2.873900293255132188e-01 8.313838843483136246e-03
2.883675464320625825e-01 8.179487575858830281e-03
2.893450635386119463e-01 8.047307418771071710e-03
2.903225806451613100e-01 7.917263287169708924e-03
2.913000977517106738e-01 7.789320662977465212e-03
2.922776148582600375e-01 7.663445585927644577e-03
2.932551319648094013e-01 7.539604644549956908e-03
2.942326490713587650e-01 7.417764967302013963e-03
2.952101661779081287e-01 7.297894213844075342e-03
2.961876832844574925e-01 7.179960566454859569e-03
2.971652003910068562e-01 7.063932721586074076e-03
2.981427174975562200e-01 6.949779881553357769e-03
2.991202346041055837e-01 6.837471746361568382e-03
3.000977517106549475e-01 6.726978505662161226e-03
3.010752688172043112e-01 6.618270830840485702e-03
3.020527859237536750e-01 6.511319867231012484e-03
3.030303030303030387e-01 6.406097226458321199e-03
3.040078201368524025e-01 6.302574978901902270e-03
3.049853372434017662e-01 6.200725646282657412e-03
3.059628543499511300e-01 6.100522194369263455e-03
3.069403714565004937e-01 6.001938025802393273e-03
3.079178885630498574e-01 5.904946973034855273e-03
3.088954056695992212e-01 5.809523291385859482e-03
3.098729227761485849e-01 5.715641652207534111e-03
3.108504398826979487e-01 5.623277136161820844e-03
3.118279569892473124e-01 5.532405226606060961e-03
3.128054740957966762e-01 5.443001803085469048e-03
3.137829912023460399e-01 5.355043134930729219e-03
3.147605083088954037e-01 5.268505874959088404e-03
3.157380254154447674e-01 5.183367053277248421e-03
3.167155425219941312e-01 5.099604071184356789e-03
3.176930596285434949e-01 5.017194695173564541e-03
3.186705767350928586e-01 4.936117051030522972e-03
3.196480938416422224e-01 4.856349618027206924e-03
3.206256109481915861e-01 4.777871223209602218e-03
3.216031280547409499e-01 4.700661035777706394e-03
3.225806451612903136e-01 4.624698561556311004e-03
3.235581622678396774e-01 4.549963637555171601e-03
3.245356793743890411e-01 4.476436426617084845e-03
3.255131964809384049e-01 4.404097412152419011e-03
3.264907135874877686e-01 4.332927392958764792e-03
3.274682306940371324e-01 4.262907478124307314e-03
3.284457478005864961e-01 4.194019082013516857e-03
3.294232649071358598e-01 4.126243919333913608e-03
3.304007820136852236e-01 4.059564000282542100e-03
3.313782991202345873e-01 3.993961625770858608e-03
3.323558162267839511e-01 3.929419382726805077e-03
3.333333333333333148e-01 3.865920139472807555e-03
3.343108504398826786e-01 3.803447041178433224e-03
3.352883675464320423e-01 3.741983505386562402e-03
3.362658846529814061e-01 3.681513217611859061e-03
3.372434017595307698e-01 3.622020127010336810e-03
3.382209188660801336e-01 3.563488442118939187e-03
3.391984359726294973e-01 3.505902626663961151e-03
3.401759530791788610e-01 3.449247395437184636e-03
3.411534701857282248e-01 3.393507710238679968e-03
3.421309872922775885e-01 3.338668775885170713e-03
3.431085043988269523e-01 3.284716036282878636e-03
3.440860215053763715e-01 3.231635170563853902e-03
3.450635386119257353e-01 3.179412089284752285e-03
3.460410557184750990e-01 3.128032930687005102e-03
3.470185728250244628e-01 3.077484057017434733e-03
3.479960899315738265e-01 3.027752050908366372e-03
3.489736070381231903e-01 2.978823711816194764e-03
3.499511241446725540e-01 2.930686052517496917e-03
3.509286412512219178e-01 2.883326295661822140e-03
3.519061583577712815e-01 2.836731870380137643e-03
3.528836754643206453e-01 2.790890408948081425e-03
3.538611925708700090e-01 2.745789743503185016e-03
3.548387096774193727e-01 2.701417902815098949e-03
3.558162267839687365e-01 2.657763109108011741e-03
3.567937438905181002e-01 2.614813774934461339e-03
3.577712609970674640e-01 2.572558500099624001e-03
3.587487781036168277e-01 2.530986068635306032e-03
3.597262952101661915e-01 2.490085445822875967e-03
3.607038123167155552e-01 2.449845775264267687e-03
3.616813294232649190e-01 2.410256376000313294e-03
3.626588465298142827e-01 2.371306739675685827e-03
3.636363636363636465e-01 2.332986527749614843e-03
3.646138807429130102e-01 2.295285568751678773e-03
3.655913978494623739e-01 2.258193855581978882e-03
3.665689149560117377e-01 2.221701542854909433e-03
3.675464320625611014e-01 2.185798944285847079e-03
3.685239491691104652e-01 2.150476530120111560e-03
3.695014662756598289e-01 2.115724924603435732e-03
3.704789833822091927e-01 2.081534903493315221e-03
3.714565004887585564e-01 2.047897391610607135e-03
3.724340175953079202e-01 2.014803460430662687e-03
3.734115347018572839e-01 1.982244325713383541e-03
3.743890518084066477e-01 1.950211345171614687e-03
3.753665689149560114e-01 1.918696016177177987e-03
3.763440860215053752e-01 1.887689973503980457e-03
3.773216031280547389e-01 1.857184987107622209e-03
3.782991202346041026e-01 1.827172959940856359e-03
3.792766373411534664e-01 1.797645925804351860e-03
3.802541544477028301e-01 1.768596047232214984e-03
3.812316715542521939e-01 1.740015613411654508e-03
3.822091886608015576e-01 1.711897038136263012e-03
3.831867057673509214e-01 1.684232857792401913e-03
3.841642228739002851e-01 1.657015729378098247e-03
3.851417399804496489e-01 1.630238428553957295e-03
3.861192570869990126e-01 1.603893847725597951e-03
3.870967741935483764e-01 1.577974994157049435e-03
3.880742913000977401e-01 1.552474988114636205e-03
3.890518084066471038e-01 1.527387061040882694e-03
3.900293255131964676e-01 1.502704553757902486e-03
3.910068426197458313e-01 1.478420914699820916e-03
3.919843597262951951e-01 1.454529698173785473e-03
3.929618768328445588e-01 1.431024562649055093e-03
3.939393939393939226e-01 1.407899269073737032e-03
3.949169110459432863e-01 1.385147679218748287e-03
3.958944281524926501e-01 1.362763754048516027e-03
3.968719452590420138e-01 1.340741552118007891e-03
3.978494623655913776e-01 1.319075227995687282e-03
3.988269794721407413e-01 1.297759030711932238e-03
3.998044965786901050e-01 1.276787302232528214e-03
4.007820136852394688e-01 1.256154475956850532e-03
4.017595307917888325e-01 1.235855075240293493e-03
4.027370478983381963e-01 1.215883711940579474e-03
4.037145650048875600e-01 1.196235084987578093e-03
4.046920821114369238e-01 1.176903978976217126e-03
4.056695992179862875e-01 1.157885262782133501e-03
4.066471163245356513e-01 1.139173888199712832e-03
4.076246334310850705e-01 1.120764888602117891e-03
4.086021505376344343e-01 1.102653377622982026e-03
4.095796676441837980e-01 1.084834547859401307e-03
4.105571847507331618e-01 1.067303669595889284e-03
4.115347018572825255e-01 1.050056089548955440e-03
4.125122189638318893e-01 1.033087229631961907e-03
4.134897360703812530e-01 1.016392585739947941e-03
4.144672531769306167e-01 9.999677265540918899e-04
4.154447702834799805e-01 9.838082923654862828e-04
4.164222873900293442e-01 9.679099939179259138e-04
4.173998044965787080e-01 9.522686112693987430e-04
4.183773216031280717e-01 9.368799926719660566e-04
4.193548387096774355e-01 9.217400534697524914e-04
4.203323558162267992e-01 9.068447750147426694e-04
4.213098729227761630e-01 8.921902036000932271e-04
4.222873900293255267e-01 8.777724494106881048e-04
4.232649071358748905e-01 8.635876854906537935e-04
4.242424242424242542e-01 8.496321467275519965e-04
4.252199413489736179e-01 8.359021288529944844e-04
4.261974584555229817e-01 8.223939874594085511e-04
4.271749755620723454e-01 8.091041370326844048e-04
4.281524926686217092e-01 7.960290500004614175e-04
4.291300097751710729e-01 7.831652557957943231e-04
4.301075268817204367e-01 7.705093399359437111e-04
4.310850439882698004e-01 7.580579431160604231e-04
4.320625610948191642e-01 7.458077603175148089e-04
4.330400782013685279e-01 7.337555399306298258e-04
4.340175953079178917e-01 7.218980828915971294e-04
4.349951124144672554e-01 7.102322418333393639e-04
4.359726295210166191e-01 6.987549202500904300e-04
4.369501466275659829e-01 6.874630716754799239e-04
4.379276637341153466e-01 6.763536988739011135e-04
4.389051808406647104e-01 6.654238530449401888e-04
4.398826979472140741e-01 6.546706330406674035e-04
4.408602150537634379e-01 6.440911845955768445e-04
4.418377321603128016e-01 6.336826995689650351e-04
4.428152492668621654e-01 6.234424151995582048e-04
4.437927663734115291e-01 6.133676133721837438e-04
4.447702834799608929e-01 6.034556198962886262e-04
4.457478005865102566e-01 5.937038037961203793e-04
4.467253176930596203e-01 5.841095766123801042e-04
4.477028347996089841e-01 5.746703917151548859e-04
4.486803519061583478e-01 5.653837436279583956e-04
4.496578690127077116e-01 5.562471673626950483e-04
4.506353861192570753e-01 5.472582377653661088e-04
4.516129032258064391e-01 5.384145688723542510e-04
4.525904203323558028e-01 5.297138132771099517e-04
4.535679374389051666e-01 5.211536615070680922e-04
4.545454545454545303e-01 5.127318414106379896e-04
4.555229716520038941e-01 5.044461175540994585e-04
4.565004887585532578e-01 4.962942906282410797e-04
4.574780058651026216e-01 4.882741968645905686e-04
4.584555229716519853e-01 4.803837074610800323e-04
4.594330400782013490e-01 4.726207280169871200e-04
4.604105571847507128e-01 4.649831979770127437e-04
4.613880742913000765e-01 4.574690900843411982e-04
4.623655913978494403e-01 4.500764098425360940e-04
4.633431085043988040e-01 4.428031949861351165e-04
4.643206256109481678e-01 4.356475149598000606e-04
4.652981427174975315e-01 4.286074704058804924e-04
4.662756598240468953e-01 4.216811926602614187e-04
4.672531769305962590e-01 4.148668432563583038e-04
4.682306940371456228e-01 4.081626134371241763e-04
4.692082111436950420e-01 4.015667236749455543e-04
4.701857282502444058e-01 3.950774231992983847e-04
4.711632453567937695e-01 3.886929895320308031e-04
4.721407624633431332e-01 3.824117280301619621e-04
4.731182795698924970e-01 3.762319714360674210e-04
4.740957966764418607e-01 3.701520794349312917e-04
4.750733137829912245e-01 3.641704382193524932e-04
4.760508308895405882e-01 3.582854600609869356e-04
4.770283479960899520e-01 3.524955828891094081e-04
4.780058651026393157e-01 3.467992698759884301e-04
4.789833822091886795e-01 3.411950090289616352e-04
4.799608993157380432e-01 3.356813127891000682e-04
4.809384164222874070e-01 3.302567176363616487e-04
4.819159335288367707e-01 3.249197837011229967e-04
4.828934506353861345e-01 3.196690943819906856e-04
4.838709677419354982e-01 3.145032559697874606e-04
4.848484848484848619e-01 3.094208972776129165e-04
4.858260019550342257e-01 3.044206692768883747e-04
4.868035190615835894e-01 2.995012447392752099e-04
4.877810361681329532e-01 2.946613178843876394e-04
4.887585532746823169e-01 2.898996040331924253e-04
4.897360703812316807e-01 2.852148392670131967e-04
4.907135874877810444e-01 2.806057800920419218e-04
4.916911045943304082e-01 2.760712031092775183e-04
4.926686217008797719e-01 2.716099046897904969e-04
4.936461388074291357e-01 2.672207006552431677e-04
4.946236559139784994e-01 2.629024259635667988e-04
4.956011730205278631e-01 2.586539343997212989e-04
4.965786901270772269e-01 2.544740982714497105e-04
4.975562072336265906e-01 2.503618081099535713e-04
4.985337243401759544e-01 2.463159723753995350e-04
4.995112414467253181e-01 2.423355171671907893e-04
5.004887585532746819e-01 2.384193859389162643e-04
5.014662756598240456e-01 2.345665392179085680e-04
5.024437927663734094e-01 2.307759543293312295e-04
5.034213098729227731e-01 2.270466251247295765e-04
5.043988269794721369e-01 2.233775617149618157e-04
5.053763440860215006e-01 2.197677902074520156e-04
5.063538611925708643e-01 2.162163524476847843e-04
5.073313782991202281e-01 2.127223057648796299e-04
5.083088954056695918e-01 2.092847227217730364e-04
5.092864125122189556e-01 2.059026908684480838e-04
5.102639296187683193e-01 2.025753125001366120e-04
5.112414467253176831e-01 1.993017044189409378e-04
5.122189638318670468e-01 1.960809976994018608e-04
5.131964809384164106e-01 1.929123374578575007e-04
5.141739980449657743e-01 1.897948826255271013e-04
5.151515151515151381e-01 1.867278057252655084e-04
5.161290322580645018e-01 1.837102926519202089e-04
5.171065493646138655e-01 1.807415424562430067e-04
5.180840664711632293e-01 1.778207671322897139e-04
5.190615835777125930e-01 1.749471914082575746e-04
5.200391006842619568e-01 1.721200525407009824e-04
5.210166177908113205e-01 1.693386001120758338e-04
5.219941348973606843e-01 1.666020958315510975e-04
5.229716520039100480e-01 1.639098133390438526e-04
5.239491691104594118e-01 1.612610380124175678e-04
5.249266862170087755e-01 1.586550667777981397e-04
5.259042033235581393e-01 1.560912079229532623e-04
5.268817204301075030e-01 1.535687809136908398e-04
5.278592375366568668e-01 1.510871162132200625e-04
5.288367546432062305e-01 1.486455551044358172e-04
5.298142717497555942e-01 1.462434495150720045e-04
5.307917888563049580e-01 1.438801618456818875e-04
5.317693059628543217e-01 1.415550648003968150e-04
5.327468230694036855e-01 1.392675412204226113e-04
5.337243401759530492e-01 1.370169839202228616e-04
5.347018572825024130e-01 1.348027955263532895e-04
5.356793743890517767e-01 1.326243883188978393e-04
5.366568914956011405e-01 1.304811840754684365e-04
5.376344086021505042e-01 1.283726139177245149e-04
5.386119257086998680e-01 1.262981181603752587e-04
5.395894428152492317e-01 1.242571461626184801e-04
5.405669599217985954e-01 1.222491561819835529e-04
5.415444770283479592e-01 1.202736152305340850e-04
5.425219941348973229e-01 1.183299989333952559e-04
5.434995112414466867e-01 1.164177913895664485e-04
5.444770283479960504e-01 1.145364850349851602e-04
5.454545454545454142e-01 1.126855805078008692e-04
5.464320625610947779e-01 1.108645865158290421e-04
5.474095796676441417e-01 1.090730197061449096e-04
5.483870967741935054e-01 1.073104045367857438e-04
5.493646138807428692e-01 1.055762731505253309e-04
5.503421309872922329e-01 1.038701652506902407e-04
5.513196480938415966e-01 1.021916279789801887e-04
5.522971652003909604e-01 1.005402157952655100e-04
5.532746823069403241e-01 9.891549035932515016e-05
5.542521994134896879e-01 9.731702041449677030e-05
5.552297165200390516e-01 9.574438167320608489e-05
5.562072336265884154e-01 9.419715670434792264e-05
5.571847507331377791e-01 9.267493482248458634e-05
5.581622678396871429e-01 9.117731197883741524e-05
5.591397849462365066e-01 8.970389065403792624e-05
5.601173020527858704e-01 8.825427975261319077e-05
5.610948191593352341e-01 8.682809449917533342e-05
5.620723362658845979e-01 8.542495633629035138e-05
5.630498533724339616e-01 8.404449282399500249e-05
5.640273704789834364e-01 8.268633754093963060e-05
5.650048875855328001e-01 8.135012998712770908e-05
5.659824046920821639e-01 8.003551548822621705e-05
5.669599217986315276e-01 7.874214510142394459e-05
5.679374389051808913e-01 7.746967552280967326e-05
5.689149560117302551e-01 7.621776899624856138e-05
5.698924731182796188e-01 7.498609322372998135e-05
5.708699902248289826e-01 7.377432127716402731e-05
5.718475073313783463e-01 7.258213151160468378e-05
5.728250244379277101e-01 7.140920747987395962e-05
5.738025415444770738e-01 7.025523784856591329e-05
5.747800586510264376e-01 6.911991631540902073e-05
5.757575757575758013e-01 6.800294152796292513e-05
5.767350928641251651e-01 6.690401700362895508e-05
5.777126099706745288e-01 6.582285105095451604e-05
5.786901270772238925e-01 6.475915669220792283e-05
5.796676441837732563e-01 6.371265158720464540e-05
5.806451612903226200e-01 6.268305795836530306e-05
5.816226783968719838e-01 6.167010251698395366e-05
5.826001955034213475e-01 6.067351639068769735e-05
5.835777126099707113e-01 5.969303505206959704e-05
5.845552297165200750e-01 5.872839824847390266e-05
5.855327468230694388e-01 5.777934993291594028e-05
5.865102639296188025e-01 5.684563819611928518e-05
5.874877810361681663e-01 5.592701519965027630e-05
5.884652981427175300e-01 5.502323711013304647e-05
5.894428152492668938e-01 5.413406403452860233e-05
5.904203323558162575e-01 5.325925995645883112e-05
5.913978494623656212e-01 5.239859267355955087e-05
5.923753665689149850e-01 5.155183373584678821e-05
5.933528836754643487e-01 5.071875838507821141e-05
5.943304007820137125e-01 4.989914549509443154e-05
5.953079178885630762e-01 4.909277751312530449e-05
5.962854349951124400e-01 4.829944040204380538e-05
5.972629521016618037e-01 4.751892358355312999e-05
5.982404692082111675e-01 4.675101988229271854e-05
5.992179863147605312e-01 4.599552547084663376e-05
6.001955034213098950e-01 4.525223981564072736e-05
6.011730205278592587e-01 4.452096562371484563e-05
6.021505376344086224e-01 4.380150879035402139e-05
6.031280547409579862e-01 4.309367834756711897e-05
6.041055718475073499e-01 4.239728641339728592e-05
6.050830889540567137e-01 4.171214814205147876e-05
6.060606060606060774e-01 4.103808167483699430e-05
6.070381231671554412e-01 4.037490809188912298e-05
6.080156402737048049e-01 3.972245136468031544e-05
6.089931573802541687e-01 3.908053830929636793e-05
6.099706744868035324e-01 3.844899854046748345e-05
6.109481915933528962e-01 3.782766442634197756e-05
6.119257086999022599e-01 3.721637104399196967e-05
6.129032258064516236e-01 3.661495613563637576e-05
6.138807429130009874e-01 3.602326006557273212e-05
6.148582600195503511e-01 3.544112577780460932e-05
6.158357771260997149e-01 3.486839875435349660e-05
6.168132942326490786e-01 3.430492697424435524e-05
6.177908113391984424e-01 3.375056087315478500e-05
6.187683284457478061e-01 3.320515330371485416e-05
6.197458455522971699e-01 3.266855949644967169e-05
6.207233626588465336e-01 3.214063702135277540e-05
6.217008797653958974e-01 3.162124575008029353e-05
6.226783968719452611e-01 3.111024781875596624e-05
6.236559139784946248e-01 3.060750759137806186e-05
6.246334310850439886e-01 3.011289162381629235e-05
6.256109481915933523e-01 2.962626862839167028e-05
6.265884652981427161e-01 2.914750943902839770e-05
6.275659824046920798e-01 2.867648697696873378e-05
6.285434995112414436e-01 2.821307621704183214e-05
6.295210166177908073e-01 2.775715415447842994e-05
6.304985337243401711e-01 2.730859977226058732e-05
6.314760508308895348e-01 2.686729400900006692e-05
6.324535679374388986e-01 2.643311972733549737e-05
6.334310850439882623e-01 2.600596168284006381e-05
6.344086021505376261e-01 2.558570649343162114e-05
6.353861192570869898e-01 2.517224260927775569e-05
6.363636363636363535e-01 2.476546028318614260e-05
6.373411534701857173e-01 2.436525154147426960e-05
6.383186705767350810e-01 2.397151015530964353e-05
6.392961876832844448e-01 2.358413161251300208e-05
6.402737047898338085e-01 2.320301308981709368e-05
6.412512218963831723e-01 2.282805342557441873e-05
6.422287390029325360e-01 2.245915309290496379e-05
6.432062561094818998e-01 2.209621417327873815e-05
6.441837732160312635e-01 2.173914033052493715e-05
6.451612903225806273e-01 2.138783678526101018e-05
6.461388074291299910e-01 2.104221028973488435e-05
6.471163245356793547e-01 2.070216910307428565e-05
6.480938416422287185e-01 2.036762296693516176e-05
6.490713587487780822e-01 2.003848308154433769e-05
6.500488758553274460e-01 1.971466208212910623e-05
6.510263929618768097e-01 1.939607401572763430e-05
6.520039100684261735e-01 1.908263431837398815e-05
6.529814271749755372e-01 1.877425979265243795e-05
6.539589442815249010e-01 1.847086858561359439e-05
6.549364613880742647e-01 1.817238016704814240e-05
6.559139784946236285e-01 1.787871530811144970e-05
6.568914956011729922e-01 1.758979606029350732e-05
6.578690127077223559e-01 1.730554573472864552e-05
6.588465298142717197e-01 1.702588888184009545e-05
6.598240469208210834e-01 1.675075127131271159e-05
6.608015640273704472e-01 1.648005987238999610e-05
6.617790811339198109e-01 1.621374283448929920e-05
6.627565982404691747e-01 1.595172946813020151e-05
6.637341153470185384e-01 1.569395022617104695e-05
6.647116324535679022e-01 1.544033668534910652e-05
6.656891495601172659e-01 1.519082152811837588e-05
6.666666666666666297e-01 1.494533852478145085e-05
6.676441837732159934e-01 1.470382251590995159e-05
6.686217008797653572e-01 1.446620939504897711e-05
6.695992179863147209e-01 1.423243609170099604e-05
6.705767350928640846e-01 1.400244055458510613e-05
6.715542521994134484e-01 1.377616173516619901e-05
6.725317693059628121e-01 1.355353957145082184e-05
6.735092864125121759e-01 1.333451497204472808e-05
6.744868035190615396e-01 1.311902980046797701e-05
6.754643206256109034e-01 1.290702685972348426e-05
6.764418377321602671e-01 1.269844987711526236e-05
6.774193548387096309e-01 1.249324348931146564e-05
6.783968719452589946e-01 1.229135322764926136e-05
6.793743890518083584e-01 1.209272550367704121e-05
6.803519061583577221e-01 1.189730759493020377e-05
6.813294232649070858e-01 1.170504763093675061e-05
6.823069403714564496e-01 1.151589457944936883e-05
6.832844574780058133e-01 1.132979823289947347e-05
6.842619745845551771e-01 1.114670919507058574e-05
6.852394916911045408e-01 1.096657886798693892e-05
6.862170087976539046e-01 1.078935943901390693e-05
6.871945259042032683e-01 1.061500386816683676e-05
6.881720430107527431e-01 1.044346587562526789e-05
6.891495601173021068e-01 1.027469992944852694e-05
6.901270772238514706e-01 1.010866123349003288e-05
6.911045943304008343e-01 9.945305715507078785e-06
6.920821114369501981e-01 9.784590015462334489e-06
6.930596285434995618e-01 9.626471474014762660e-06
6.940371456500489256e-01 9.470908121196489147e-06
6.950146627565982893e-01 9.317858665272354610e-06
6.959921798631476531e-01 9.167282481779819787e-06
6.969696969696970168e-01 9.019139602745956558e-06
6.979472140762463805e-01 8.873390706078411100e-06
6.989247311827957443e-01 8.729997105128106362e-06
6.999022482893451080e-01 8.588920738420588804e-06
7.008797653958944718e-01 8.450124159553058163e-06
7.018572825024438355e-01 8.313570527254927095e-06
7.028347996089931993e-01 8.179223595608995208e-06
7.038123167155425630e-01 8.047047704430393143e-06
7.047898338220919268e-01 7.917007769801263825e-06
7.057673509286412905e-01 7.789069274758389069e-06
7.067448680351906543e-01 7.663198260131064583e-06
7.077223851417400180e-01 7.539361315527287049e-06
7.086999022482893817e-01 7.417525570465583444e-06
7.096774193548387455e-01 7.297658685649928779e-06
7.106549364613881092e-01 7.179728844385889654e-06
7.116324535679374730e-01 7.063704744135485539e-06
7.126099706744868367e-01 6.949555588208283460e-06
7.135874877810362005e-01 6.837251077587008277e-06
7.145650048875855642e-01 6.726761402885234213e-06
7.155425219941349280e-01 6.618057236434828270e-06
7.165200391006842917e-01 6.511109724501476036e-06
7.174975562072336555e-01 6.405890479626002056e-06
7.184750733137830192e-01 6.302371573089245200e-06
7.194525904203323829e-01 6.200525527498911012e-06
7.204301075268817467e-01 6.100325309496212304e-06
7.214076246334311104e-01 6.001744322580179574e-06
7.223851417399804742e-01 5.904756400048120801e-06
7.233626588465298379e-01 5.809335798050163047e-06
7.243401759530792017e-01 5.715457188755847182e-06
7.253176930596285654e-01 5.623095653631331567e-06
7.262952101661779292e-01 5.532226676825238730e-06
7.272727272727272929e-01 5.442826138661205308e-06
7.282502443792766567e-01 5.354870309235769022e-06
7.292277614858260204e-01 5.268335842119716483e-06
7.302052785923753842e-01 5.183199768161037682e-06
7.311827956989247479e-01 5.099439489388203915e-06
7.321603128054741116e-01 5.017032773011959867e-06
7.331378299120234754e-01 4.935957745523885829e-06
7.341153470185728391e-01 4.856192886890490830e-06
7.350928641251222029e-01 4.777717024841123980e-06
7.360703812316715666e-01 4.700509329248040466e-06
7.370478983382209304e-01 4.624549306597435491e-06
7.380254154447702941e-01 4.549816794549830875e-06
7.390029325513196579e-01 4.476291956588213419e-06
7.399804496578690216e-01 4.403955276752806110e-06
7.409579667644183854e-01 4.332787554460924628e-06
7.419354838709677491e-01 4.262769899410404667e-06
7.429130009775171128e-01 4.193883726565529416e-06
7.438905180840664766e-01 4.126110751223979133e-06
7.448680351906158403e-01 4.059432984163372167e-06
7.458455522971652041e-01 3.993832726866363203e-06
7.468230694037145678e-01 3.929292566822906212e-06
7.478005865102639316e-01 3.865795372908304823e-06
7.487781036168132953e-01 3.803324290836079002e-06
7.497556207233626591e-01 3.741862738684312680e-06
7.507331378299120228e-01 3.681394402494174102e-06
7.517106549364613866e-01 3.621903231939683497e-06
7.526881720430107503e-01 3.563373436067458380e-06
7.536656891495601140e-01 3.505789479105183722e-06
7.546432062561094778e-01 3.449136076337938763e-06
7.556207233626588415e-01 3.393398190051155269e-06
7.565982404692082053e-01 3.338561025539030663e-06
7.575757575757575690e-01 3.284610027177552844e-06
7.585532746823069328e-01 3.231530874560985130e-06
7.595307917888562965e-01 3.179309478700678007e-06
7.605083088954056603e-01 3.127931978285415275e-06
7.614858260019550240e-01 3.077384736002190500e-06
7.624633431085043878e-01 3.027654334916336741e-06
7.634408602150537515e-01 2.978727574910259119e-06
7.644183773216031152e-01 2.930591469179710131e-06
7.653958944281524790e-01 2.883233240786591711e-06
7.663734115347018427e-01 2.836640319267560675e-06
7.673509286412512065e-01 2.790800337297435495e-06
7.683284457478005702e-01 2.745701127406430748e-06
7.693059628543499340e-01 2.701330718750535268e-06
7.702834799608992977e-01 2.657677333934075985e-06
7.712609970674486615e-01 2.614729385883543357e-06
7.722385141739980252e-01 2.572475474772023637e-06
7.732160312805473890e-01 2.530904384993328249e-06
7.741935483870967527e-01 2.490005082184940215e-06
7.751710654936461165e-01 2.449766710299154225e-06
7.761485826001954802e-01 2.410178588721540000e-06
7.771260997067448439e-01 2.371230209435898033e-06
7.781036168132942077e-01 2.332911234235105456e-06
7.790811339198435714e-01 2.295211491977034219e-06
7.800586510263929352e-01 2.258120975884736915e-06
7.810361681329422989e-01 2.221629840890340336e-06
7.820136852394916627e-01 2.185728401021854821e-06
7.829912023460410264e-01 2.150407126832145920e-06
7.839687194525903902e-01 2.115656642869523341e-06
7.849462365591397539e-01 2.081467725189203466e-06
7.859237536656891177e-01 2.047831298904919534e-06
7.869012707722384814e-01 2.014738435780165349e-06
7.878787878787878451e-01 1.982180351858362683e-06
7.888563049853372089e-01 1.950148405131262062e-06
7.898338220918865726e-01 1.918634093245084371e-06
7.908113391984359364e-01 1.887629051243731157e-06
7.917888563049853001e-01 1.857125049348404445e-06
7.927663734115346639e-01 1.827113990773167414e-06
7.937438905180840276e-01 1.797587909575805192e-06
7.947214076246333914e-01 1.768538968543356172e-06
7.956989247311827551e-01 1.739959457111874484e-06
7.966764418377321189e-01 1.711841789319804210e-06
7.976539589442814826e-01 1.684178501794373702e-06
7.986314760508308463e-01 1.656962251770585837e-06
7.996089931573802101e-01 1.630185815142217653e-06
8.005865102639295738e-01 1.603842084544265450e-06
8.015640273704789376e-01 1.577924067466430041e-06
8.025415444770283013e-01 1.552424884397085243e-06
8.035190615835776651e-01 1.527337766997191732e-06
8.044965786901270288e-01 1.502656056303769808e-06
8.054740957966763926e-01 1.478373200962402312e-06
8.064516129032257563e-01 1.454482755488253746e-06
8.074291300097751201e-01 1.430978378555238209e-06
8.084066471163244838e-01 1.407853831312833855e-06
8.093841642228738475e-01 1.385102975730051954e-06
8.103616813294232113e-01 1.362719772966213272e-06
8.113391984359725750e-01 1.340698281768050241e-06
8.123167155425219388e-01 1.319032656892671585e-06
8.132942326490713025e-01 1.297717147556051643e-06
8.142717497556207773e-01 1.276746095906592509e-06
8.152492668621701410e-01 1.256113935523317465e-06
8.162267839687195048e-01 1.235815189938371504e-06
8.172043010752688685e-01 1.215844471183370701e-06
8.181818181818182323e-01 1.196196478359270520e-06
8.191593352883675960e-01 1.176865996229311522e-06
8.201368523949169598e-01 1.157847893834736294e-06
8.211143695014663235e-01 1.139137123132851097e-06
8.220918866080156873e-01 1.120728717657110805e-06
8.230694037145650510e-01 1.102617791198844045e-06
8.240469208211144148e-01 1.084799536510302818e-06
8.250244379276637785e-01 1.067269224028642093e-06
8.260019550342131422e-01 1.050022200620549004e-06
8.269794721407625060e-01 1.033053888347137314e-06
8.279569892473118697e-01 1.016359783248811518e-06
8.289345063538612335e-01 9.999354541497592559e-07
8.299120234604105972e-01 9.837765414817797784e-07
8.308895405669599610e-01 9.678787561270942191e-07
8.318670576735093247e-01 9.522378782798830196e-07
8.328445747800586885e-01 9.368497563261994187e-07
8.338220918866080522e-01 9.217103057419963164e-07
8.347996089931574160e-01 9.068155080089491948e-07
8.357771260997067797e-01 8.921614095478184449e-07
8.367546432062561435e-01 8.777441206690232956e-07
8.377321603128055072e-01 8.635598145401992840e-07
8.387096774193548709e-01 8.496047261704220516e-07
8.396871945259042347e-01 8.358751514108552144e-07
8.406647116324535984e-01 8.223674459715391879e-07
8.416422287390029622e-01 8.090780244540846435e-07
8.426197458455523259e-01 7.960033593999757235e-07
8.435972629521016897e-01 7.831399803542743264e-07
8.445747800586510534e-01 7.704844729444389543e-07
8.455522971652004172e-01 7.580334779740388463e-07
8.465298142717497809e-01 7.457836905311044182e-07
8.475073313782991447e-01 7.337318591109028841e-07
8.484848484848485084e-01 7.218747847528684345e-07
8.494623655913978721e-01 7.102093201915004114e-07
8.504398826979472359e-01 6.987323690209681697e-07
8.514173998044965996e-01 6.874408848732230445e-07
8.523949169110459634e-01 6.763318706093858655e-07
8.533724340175953271e-01 6.654023775242136125e-07
8.543499511241446909e-01 6.546495045634049737e-07
8.553274682306940546e-01 6.440703975535709517e-07
8.563049853372434184e-01 6.336622484446371603e-07
8.572825024437927821e-01 6.234222945644950657e-07
8.582600195503421459e-01 6.133478178856918936e-07
8.592375366568915096e-01 6.034361443039824933e-07
8.602150537634408733e-01 5.936846429285236681e-07
8.611925708699902371e-01 5.840907253835549090e-07
8.621700879765396008e-01 5.746518451213523951e-07
8.631476050830889646e-01 5.653654967462916195e-07
8.641251221896383283e-01 5.562292153498276344e-07
8.651026392961876921e-01 5.472405758562324034e-07
8.660801564027370558e-01 5.383971923788902071e-07
8.670576735092864196e-01 5.296967175870103901e-07
8.680351906158357833e-01 5.211368420825631592e-07
8.690127077223851471e-01 5.127152937872893573e-07
8.699902248289345108e-01 5.044298373396110993e-07
8.709677419354838745e-01 4.962782735012984269e-07
8.719452590420332383e-01 4.882584385737101896e-07
8.729227761485826020e-01 4.803682038234822010e-07
8.739002932551319658e-01 4.726054749174860654e-07
8.748778103616813295e-01 4.649681913669251068e-07
8.758553274682306933e-01 4.574543259804077368e-07
8.768328445747800570e-01 4.500618843258689270e-07
8.778103616813294208e-01 4.427889042011741940e-07
8.787878787878787845e-01 4.356334551132910571e-07
8.797653958944281483e-01 4.285936377658681985e-07
8.807429130009775120e-01 4.216675835551000347e-07
8.817204301075268758e-01 4.148534540737334454e-07
8.826979472140762395e-01 4.081494406230981275e-07
8.836754643206256032e-01 4.015537637330112325e-07
8.846529814271749670e-01 3.950646726894516249e-07
8.856304985337243307e-01 3.886804450698583375e-07
8.866080156402736945e-01 3.823993862859434263e-07
8.875855327468230582e-01 3.762198291338887295e-07
8.885630498533724220e-01 3.701401333518185861e-07
8.895405669599217857e-01 3.641586851844139428e-07
8.905180840664711495e-01 3.582738969545723453e-07
8.914956011730205132e-01 3.524842066419822067e-07
8.924731182795698770e-01 3.467880774685117732e-07
8.934506353861192407e-01 3.411839974902939394e-07
8.944281524926686044e-01 3.356704791964100308e-07
8.954056695992179682e-01 3.302460591140495257e-07
8.963831867057673319e-01 3.249092974200595270e-07
8.973607038123166957e-01 3.196587775587649794e-07
8.983382209188660594e-01 3.144931058659683088e-07
8.993157380254154232e-01 3.094109111990220758e-07
9.002932551319647869e-01 3.044108445728854417e-07
9.012707722385141507e-01 2.994915788020540126e-07
9.022482893450635144e-01 2.946518081482839720e-07
9.032258064516128782e-01 2.898902479740031395e-07
9.042033235581622419e-01 2.852056344013262110e-07
9.051808406647116056e-01 2.805967239765769310e-07
9.061583577712609694e-01 2.760622933402374695e-07
9.071358748778103331e-01 2.716011389022236774e-07
9.081133919843596969e-01 2.672120765224153343e-07
9.090909090909090606e-01 2.628939411963436095e-07
9.100684261974584244e-01 2.586455867459607730e-07
9.110459433040077881e-01 2.544658855154043317e-07
9.120234604105571519e-01 2.503537280716823194e-07
9.130009775171065156e-01 2.463080229101890057e-07
9.139784946236558794e-01 2.423276961649861166e-07
9.149560117302052431e-01 2.384116913237609750e-07
9.159335288367546068e-01 2.345589689473934798e-07
9.169110459433039706e-01 2.307685063940525133e-07
9.178885630498533343e-01 2.270392975477552076e-07
9.188660801564026981e-01 2.233703525513069322e-07
9.198435972629520618e-01 2.197606975435626326e-07
9.208211143695014256e-01 2.162093744009298181e-07
9.217986314760507893e-01 2.127154404830512867e-07
9.227761485826001531e-01 2.092779683825950871e-07
9.237536656891495168e-01 2.058960456790921854e-07
9.247311827956988806e-01 2.025687746967465050e-07
9.257086999022482443e-01 1.992952722661641618e-07
9.266862170087976081e-01 1.960746694899291813e-07
9.276637341153469718e-01 1.929061115119697414e-07
9.286412512218963355e-01 1.897887572906492427e-07
9.296187683284456993e-01 1.867217793755280487e-07
9.305962854349950630e-01 1.837043636877277369e-07
9.315738025415444268e-01 1.807357093038493937e-07
9.325513196480937905e-01 1.778150282433804947e-07
9.335288367546431543e-01 1.749415452595390441e-07
9.345063538611925180e-01 1.721144976334957607e-07
9.354838709677418818e-01 1.693331349719251045e-07
9.364613880742912455e-01 1.665967190078232551e-07
9.374389051808406093e-01 1.639045234045493953e-07
9.384164222873900840e-01 1.612558335630300540e-07
9.393939393939394478e-01 1.586499464320823033e-07
9.403714565004888115e-01 1.560861703217975246e-07
9.413489736070381753e-01 1.535638247199464611e-07
9.423264907135875390e-01 1.510822401113474304e-07
9.433040078201369028e-01 1.486407578001532795e-07
9.442815249266862665e-01 1.462387297350145470e-07
9.452590420332356302e-01 1.438755183370612063e-07
9.462365591397849940e-01 1.415504963306698500e-07
9.472140762463343577e-01 1.392630465769639060e-07
9.481915933528837215e-01 1.370125619100037123e-07
9.491691104594330852e-01 1.347984449756232785e-07
9.501466275659824490e-01 1.326201080728752212e-07
9.511241446725318127e-01 1.304769729980320437e-07
9.521016617790811765e-01 1.283684708911130573e-07
9.530791788856305402e-01 1.262940420848901972e-07
9.540566959921799040e-01 1.242531359563330011e-07
9.550342130987292677e-01 1.222452107804538956e-07
9.560117302052786314e-01 1.202697335865186621e-07
9.569892473118279952e-01 1.183261800165752847e-07
9.579667644183773589e-01 1.164140341862732028e-07
9.589442815249267227e-01 1.145327885479305879e-07
9.599217986314760864e-01 1.126819437558136343e-07
9.608993157380254502e-01 1.108610085335927115e-07
9.618768328445748139e-01 1.090694995439434944e-07
9.628543499511241777e-01 1.073069412602494639e-07
9.638318670576735414e-01 1.055728658403845345e-07
9.648093841642229052e-01 1.038668130025302822e-07
9.657869012707722689e-01 1.021883299030020825e-07
9.667644183773216326e-01 1.005369710160491927e-07
9.677419354838709964e-01 9.891229801559766332e-08
9.687194525904203601e-01 9.731387965890240819e-08
9.696969696969697239e-01 9.574129167208307668e-08
9.706744868035190876e-01 9.419411663750607334e-08
9.716520039100684514e-01 9.267194388298865144e-08
9.726295210166178151e-01 9.117436937279098727e-08
9.736070381231671789e-01 8.970099560037524445e-08
9.745845552297165426e-01 8.825143148288935626e-08
9.755620723362659064e-01 8.682529225736414376e-08
9.765395894428152701e-01 8.542219937858260937e-08
9.775171065493646338e-01 8.404178041860175199e-08
9.784946236559139976e-01 8.268366896789760165e-08
9.794721407624633613e-01 8.134750453810816859e-08
9.804496578690127251e-01 8.003293246634659291e-08
9.814271749755620888e-01 7.873960382106339834e-08
9.824046920821114526e-01 7.746717530942723788e-08
9.833822091886608163e-01 7.621530918620396130e-08
9.843597262952101801e-01 7.498367316410639655e-08
9.853372434017595438e-01 7.377194032559708380e-08
9.863147605083089076e-01 7.257978903610964418e-08
9.872922776148582713e-01 7.140690285867908180e-08
9.882697947214076351e-01 7.025297046994750862e-08
9.892473118279569988e-01 6.911768557752870853e-08
9.902248289345063625e-01 6.800074683870786375e-08
9.912023460410557263e-01 6.690185778045533360e-08
9.921798631476050900e-01 6.582072672073178798e-08
9.931573802541544538e-01 6.475706669106743723e-08
9.941348973607038175e-01 6.371059536039004007e-08
9.951124144672531813e-01 6.268103496008521199e-08
9.960899315738025450e-01 6.166811221026617770e-08
9.970674486803519088e-01 6.067155824723858117e-08
9.980449657869012725e-01 5.969110855213192466e-08
9.990224828934506363e-01 5.872650288068981510e-08
1.000000000000000000e+00 5.777748519419133024e-08
