0.000000000000000000e+00 0.000000000000000000e+00
9.775171065493646130e-04 6.359524622797826932e-02
1.955034213098729226e-03 1.241240108933932967e-01
2.932551319648093839e-03 1.817012091427693543e-01
3.910068426197458452e-03 2.364378037077785044e-01
4.887585532746823065e-03 2.884409359517484672e-01
5.865102639296187678e-03 3.378140526448913938e-01
6.842619745845552291e-03 3.846570286063312749e-01
7.820136852394916904e-03 4.290662853465309623e-01
8.797653958944280650e-03 4.711349058394552758e-01
9.775171065493646130e-03 5.109527455496131187e-01
1.075268817204301161e-02 5.486065398351065436e-01
1.173020527859237536e-02 5.841800078439137733e-01
1.270772238514173910e-02 6.177539530168538739e-01
1.368523949169110458e-02 6.494063603070291402e-01
1.466275659824047006e-02 6.792124902220055827e-01
1.564027370478983381e-02 7.072449697915684785e-01
1.661779081133919755e-02 7.335738805605782620e-01
1.759530791788856130e-02 7.582668437032435982e-01
1.857282502443792851e-02 7.813891023520291856e-01
1.955034213098729226e-02 8.030036012314063498e-01
2.052785923753665601e-02 8.231710636837568096e-01
2.150537634408602322e-02 8.419500661719161450e-01
2.248289345063538697e-02 8.593971103401270017e-01
2.346041055718475071e-02 8.755666927125362875e-01
2.443792766373411446e-02 8.905113721058175447e-01
2.541544477028347820e-02 9.042818348300312170e-01
2.639296187683284542e-02 9.169269577494471024e-01
2.737047898338220916e-02 9.284938692727418008e-01
2.834799608993157291e-02 9.390280083397428701e-01
2.932551319648094013e-02 9.485731814697264674e-01
3.030303030303030387e-02 9.571716179341783759e-01
3.128054740957966762e-02 9.648640231149026025e-01
3.225806451612903136e-02 9.716896301063895347e-01
3.323558162267839511e-02 9.776862496194641539e-01
3.421309872922775885e-02 9.828903182413889494e-01
3.519061583577712260e-02 9.873369451058184865e-01
3.616813294232649328e-02 9.910599570242774048e-01
3.714565004887585703e-02 9.940919421291685154e-01
3.812316715542522078e-02 9.964642920767007306e-01
3.910068426197458452e-02 9.982072428565665900e-01
4.007820136852394827e-02 9.993499142536846902e-01
4.105571847507331201e-02 9.999203480058620475e-01
4.203323558162267576e-02 9.999455446998130048e-01
4.301075268817204644e-02 9.994514994466016100e-01
4.398826979472141019e-02 9.984632363762446783e-01
4.496578690127077393e-02 9.970048419899383285e-01
4.594330400782013768e-02 9.950994974071137866e-01
4.692082111436950143e-02 9.927695095433373140e-01
4.789833822091886517e-02 9.900363412539033847e-01
4.887585532746822892e-02 9.869206404768381402e-01
4.985337243401759266e-02 9.834422684079441312e-01
5.083088954056695641e-02 9.796203267394656411e-01
5.180840664711632709e-02 9.754731839929243753e-01
5.278592375366569084e-02 9.710185009756953090e-01
5.376344086021505458e-02 9.662732553899314736e-01
5.474095796676441833e-02 9.612537656215210946e-01
5.571847507331378208e-02 9.559757137358677603e-01
5.669599217986314582e-02 9.504541677064130001e-01
5.767350928641250957e-02 9.447036029009877600e-01
5.865102639296188025e-02 9.387379228502579220e-01
5.962854349951124400e-02 9.325704793217540756e-01
6.060606060606060774e-02 9.262140917222074776e-01
6.158357771260997149e-02 9.196810658501815006e-01
6.256109481915933523e-02 9.129832120202721057e-01
6.353861192570869898e-02 9.061318625794704262e-01
6.451612903225806273e-02 8.991378888356001964e-01
6.549364613880742647e-02 8.920117174171083851e-01
6.647116324535679022e-02 8.847633460828573382e-01
6.744868035190615396e-02 8.774023589999637718e-01
6.842619745845551771e-02 8.699379415071418764e-01
6.940371456500488145e-02 8.623788943804487905e-01
7.038123167155424520e-02 8.547336476177698206e-01
7.135874877810362282e-02 8.470102737578677488e-01
7.233626588465298657e-02 8.392165007492905504e-01
7.331378299120235031e-02 8.313597243839443429e-01
7.429130009775171406e-02 8.234470203096587726e-01
7.526881720430107781e-02 8.154851556355998676e-01
7.624633431085044155e-02 8.074806001439420733e-01
7.722385141739980530e-02 7.994395371207717593e-01
7.820136852394916904e-02 7.913678738187738260e-01
7.917888563049853279e-02 7.832712515638452500e-01
8.015640273704789653e-02 7.751550555173855050e-01
8.113391984359726028e-02 7.670244241056296541e-01
8.211143695014662403e-02 7.588842581270218712e-01
8.308895405669598777e-02 7.507392295482671063e-01
8.406647116324535152e-02 7.425937899993594327e-01
8.504398826979471526e-02 7.344521789775374510e-01
8.602150537634409289e-02 7.263184317698074821e-01
8.699902248289345663e-02 7.181963871033513191e-01
8.797653958944282038e-02 7.100896945328355470e-01
8.895405669599218412e-02 7.020018215733452305e-01
8.993157380254154787e-02 6.939360605873833299e-01
9.090909090909091161e-02 6.858955354340937616e-01
9.188660801564027536e-02 6.778832078886097845e-01
9.286412512218963911e-02 6.699018838391662678e-01
9.384164222873900285e-02 6.619542192693649296e-01
9.481915933528836660e-02 6.540427260327420500e-01
9.579667644183773034e-02 6.461697774265564576e-01
9.677419354838709409e-02 6.383376135714847743e-01
9.775171065493645783e-02 6.305483466036940765e-01
9.872922776148582158e-02 6.228039656855589579e-01
9.970674486803518533e-02 6.151063418410681605e-01
1.006842619745845491e-01 6.074572326217851925e-01
1.016617790811339128e-01 5.998582866090260701e-01
1.026392961876832904e-01 5.923110477577333555e-01
1.036168132942326542e-01 5.848169595873490278e-01
1.045943304007820179e-01 5.773773692248113099e-01
1.055718475073313817e-01 5.699935313046371466e-01
1.065493646138807454e-01 5.626666117308851689e-01
1.075268817204301092e-01 5.553976913056376530e-01
1.085043988269794729e-01 5.481877692284922166e-01
1.094819159335288367e-01 5.410377664714004498e-01
1.104594330400782004e-01 5.339485290330501233e-01
1.114369501466275642e-01 5.269208310768550563e-01
1.124144672531769279e-01 5.199553779564753953e-01
1.133919843597262916e-01 5.130528091326652662e-01
1.143695014662756554e-01 5.062137009851245262e-01
1.153470185728250191e-01 4.994385695229018318e-01
1.163245356793743829e-01 4.927278729967861648e-01
1.173020527859237605e-01 4.860820144170086010e-01
1.182795698924731242e-01 4.795013439794665322e-01
1.192570869990224880e-01 4.729861614035761330e-01
1.202346041055718517e-01 4.665367181847586697e-01
1.212121212121212155e-01 4.601532197644647160e-01
1.221896383186705792e-01 4.538358276205463060e-01
1.231671554252199430e-01 4.475846612806927416e-01
1.241446725317693067e-01 4.413998002615568406e-01
1.251221896383186705e-01 4.352812859361130937e-01
1.260997067448680342e-01 4.292291233317020449e-01
1.270772238514173980e-01 4.232432828611356612e-01
1.280547409579667617e-01 4.173237019891621324e-01
1.290322580645161255e-01 4.114702868365071042e-01
1.300097751710654892e-01 4.056829137236397376e-01
1.309872922776148529e-01 3.999614306563392674e-01
1.319648093841642167e-01 3.943056587550678449e-01
1.329423264907135804e-01 3.887153936300886681e-01
1.339198435972629442e-01 3.831904067042080642e-01
1.348973607038123079e-01 3.777304464849510768e-01
1.358748778103616717e-01 3.723352397879254316e-01
1.368523949169110354e-01 3.670044929130689138e-01
1.378299120234603992e-01 3.617378927754167917e-01
1.388074291300097629e-01 3.565351079919731880e-01
1.397849462365591267e-01 3.513957899262188933e-01
1.407624633431084904e-01 3.463195736917329959e-01
1.417399804496578819e-01 3.413060791163595176e-01
1.427174975562072456e-01 3.363549116683028362e-01
1.436950146627566094e-01 3.314656633454856616e-01
1.446725317693059731e-01 3.266379135294636415e-01
1.456500488758553369e-01 3.218712298051428777e-01
1.466275659824047006e-01 3.171651687475090520e-01
1.476050830889540644e-01 3.125192766765318431e-01
1.485826001955034281e-01 3.079330903813730091e-01
1.495601173020527919e-01 3.034061378149874311e-01
1.505376344086021556e-01 2.989379387601682758e-01
1.515151515151515194e-01 2.945280054680541326e-01
1.524926686217008831e-01 2.901758432700818346e-01
1.534701857282502468e-01 2.858809511643317647e-01
1.544477028347996106e-01 2.816428223771873518e-01
1.554252199413489743e-01 2.774609449011914974e-01
1.564027370478983381e-01 2.733348020099590769e-01
1.573802541544477018e-01 2.692638727509724661e-01
1.583577712609970656e-01 2.652476324170601196e-01
1.593352883675464293e-01 2.612855529973295843e-01
1.603128054740957931e-01 2.573771036083032371e-01
1.612903225806451568e-01 2.535217509059763952e-01
1.622678396871945206e-01 2.497189594794941847e-01
1.632453567937438843e-01 2.459681922271216292e-01
1.642228739002932481e-01 2.422689107151548837e-01
1.652003910068426118e-01 2.386205755204019452e-01
1.661779081133919755e-01 2.350226465568407141e-01
1.671554252199413393e-01 2.314745833870376357e-01
1.681329423264907030e-01 2.279758455188930222e-01
1.691104594330400668e-01 2.245258926882615358e-01
1.700879765395894305e-01 2.211241851279716064e-01
1.710654936461387943e-01 2.177701838237558751e-01
1.720430107526881858e-01 2.144633507575833264e-01
1.730205278592375495e-01 2.112031491388687565e-01
1.739980449657869133e-01 2.079890436240157126e-01
1.749755620723362770e-01 2.048205005247402954e-01
1.759530791788856408e-01 2.016969880055972664e-01
1.769305962854350045e-01 1.986179762711260399e-01
1.779081133919843682e-01 1.955829377430128302e-01
1.788856304985337320e-01 1.925913472276518379e-01
1.798631476050830957e-01 1.896426820744797626e-01
1.808406647116324595e-01 1.867364223254402156e-01
1.818181818181818232e-01 1.838720508559220645e-01
1.827956989247311870e-01 1.810490535075086893e-01
1.837732160312805507e-01 1.782669192128580327e-01
1.847507331378299145e-01 1.755251401130233924e-01
1.857282502443792782e-01 1.728232116675166574e-01
1.867057673509286420e-01 1.701606327574027300e-01
1.876832844574780057e-01 1.675369057817020779e-01
1.886608015640273694e-01 1.649515367473735339e-01
1.896383186705767332e-01 1.624040353531359948e-01
1.906158357771260969e-01 1.598939150673776566e-01
1.915933528836754607e-01 1.574206932003973380e-01
1.925708699902248244e-01 1.549838909712093760e-01
1.935483870967741882e-01 1.525830335691359119e-01
1.945259042033235519e-01 1.502176502104052014e-01
1.955034213098729157e-01 1.478872741899642518e-01
1.964809384164222794e-01 1.455914429287052669e-01
1.974584555229716432e-01 1.433296980163036305e-01
1.984359726295210069e-01 1.411015852498522516e-01
1.994134897360703707e-01 1.389066546684724346e-01
2.003910068426197344e-01 1.367444605840770488e-01
2.013685239491690981e-01 1.346145616084528929e-01
2.023460410557184619e-01 1.325165206768224302e-01
2.033235581622678256e-01 1.304499050680426597e-01
2.043010752688172171e-01 1.284142864215905011e-01
2.052785923753665809e-01 1.264092407514776639e-01
2.062561094819159446e-01 1.244343484572365821e-01
2.072336265884653084e-01 1.224891943321095578e-01
2.082111436950146721e-01 1.205733675685717737e-01
2.091886608015640359e-01 1.186864617613111184e-01
2.101661779081133996e-01 1.168280749077852815e-01
2.111436950146627634e-01 1.149978094064719181e-01
2.121212121212121271e-01 1.131952720529215417e-01
2.130987292277614908e-01 1.114200740337210199e-01
2.140762463343108546e-01 1.096718309184702977e-01
2.150537634408602183e-01 1.079501626498710065e-01
2.160312805474095821e-01 1.062546935320219654e-01
2.170087976539589458e-01 1.045850522170142100e-01
2.179863147605083096e-01 1.029408716899123111e-01
2.189638318670576733e-01 1.013217892522073199e-01
2.199413489736070371e-01 9.972744650382325826e-02
2.209188660801564008e-01 9.815748932375462088e-02
2.218963831867057646e-01 9.661156784941074549e-02
2.228739002932551283e-01 9.508933645473939544e-02
2.238514173998044920e-01 9.359045372719902722e-02
2.248289345063538558e-01 9.211458244364641168e-02
2.258064516129032195e-01 9.066138954520433502e-02
2.267839687194525833e-01 8.923054611117069157e-02
2.277614858260019470e-01 8.782172733202790738e-02
2.287390029325513108e-01 8.643461248161053712e-02
2.297165200391006745e-01 8.506888488848471375e-02
2.306940371456500383e-01 8.372423190659192271e-02
2.316715542521994020e-01 8.240034488520837919e-02
2.326490713587487658e-01 8.109691913826679033e-02
2.336265884652981295e-01 7.981365391308788138e-02
2.346041055718475210e-01 7.855025235856574750e-02
2.355816226783968848e-01 7.730642149284935871e-02
2.365591397849462485e-01 7.608187217056092133e-02
2.375366568914956122e-01 7.487631904959098084e-02
2.385141739980449760e-01 7.368948055750655646e-02
2.394916911045943397e-01 7.252107885760876449e-02
2.404692082111437035e-01 7.137083981467447213e-02
2.414467253176930672e-01 7.023849296041390078e-02
2.424242424242424310e-01 6.912377145867693029e-02
2.434017595307917947e-01 6.802641207043670646e-02
2.443792766373411585e-01 6.694615511858027779e-02
2.453567937438905222e-01 6.588274445253378131e-02
2.463343108504398860e-01 6.483592741274728233e-02
2.473118279569892497e-01 6.380545479506573303e-02
2.482893450635386134e-01 6.279108081500925365e-02
2.492668621700879772e-01 6.179256307198530140e-02
2.502443792766373409e-01 6.080966251345513301e-02
2.512218963831867047e-01 5.984214339907519692e-02
2.521994134897360684e-01 5.888977326483252339e-02
2.531769305962854322e-01 5.795232288719398550e-02
2.541544477028347959e-01 5.702956624728687529e-02
2.551319648093841597e-01 5.612128049512739997e-02
2.561094819159335234e-01 5.522724591391430654e-02
2.570869990224828872e-01 5.434724588440240090e-02
2.580645161290322509e-01 5.348106684937040112e-02
2.590420332355816146e-01 5.262849827819774534e-02
2.600195503421309784e-01 5.178933263156313554e-02
2.609970674486803421e-01 5.096336532627684240e-02
2.619745845552297059e-01 5.015039470025951102e-02
2.629521016617790696e-01 4.935022197767813951e-02
2.639296187683284334e-01 4.856265123424936825e-02
2.649071358748777971e-01 4.778748936272109865e-02
2.658846529814271609e-01 4.702454603854096943e-02
2.668621700879765246e-01 4.627363368572075947e-02
2.678396871945258884e-01 4.553456744290525215e-02
2.688172043010752521e-01 4.480716512965345760e-02
2.697947214076246158e-01 4.409124721293891658e-02
2.707722385141739796e-01 4.338663677387669809e-02
2.717497556207233433e-01 4.269315947468340505e-02
2.727272727272727071e-01 4.201064352587552397e-02
2.737047898338220708e-01 4.133891965371268296e-02
2.746823069403714346e-01 4.067782106789046698e-02
2.756598240469207983e-01 4.002718342948750202e-02
2.766373411534701621e-01 3.938684481917171382e-02
2.776148582600195258e-01 3.875664570566976497e-02
2.785923753665688896e-01 3.813642891450290395e-02
2.795698924731182533e-01 3.752603959699356284e-02
2.805474095796676171e-01 3.692532519954543069e-02
2.815249266862169808e-01 3.633413543319948674e-02
2.825024437927664001e-01 3.575232224346940740e-02
2.834799608993157638e-01 3.517973978045822736e-02
2.844574780058651275e-01 3.461624436925783005e-02
2.854349951124144913e-01 3.406169448063432748e-02
2.864125122189638550e-01 3.351595070199952370e-02
2.873900293255132188e-01 3.297887570867091139e-02
2.883675464320625825e-01 3.245033423542080520e-02
2.893450635386119463e-01 3.193019304831545835e-02
2.903225806451613100e-01 3.141832091684537698e-02
2.913000977517106738e-01 3.091458858634710954e-02
2.922776148582600375e-01 3.041886875071668148e-02
2.932551319648094013e-01 2.993103602541535152e-02
2.942326490713587650e-01 2.945096692076752329e-02
2.952101661779081287e-01 2.897853981555046504e-02
2.961876832844574925e-01 2.851363493087604936e-02
2.971652003910068562e-01 2.805613430436391595e-02
2.981427174975562200e-01 2.760592176460525612e-02
2.991202346041055837e-01 2.716288290591710106e-02
3.000977517106549475e-01 2.672690506338608329e-02
3.010752688172043112e-01 2.629787728820052670e-02
3.020527859237536750e-01 2.587569032327046228e-02
3.030303030303030387e-01 2.546023657913393592e-02
3.040078201368524025e-01 2.505141011014888966e-02
3.049853372434017662e-01 2.464910659096875706e-02
3.059628543499511300e-01 2.425322329330108564e-02
3.069403714565004937e-01 2.386365906294728167e-02
3.079178885630498574e-01 2.348031429712200621e-02
3.088954056695992212e-01 2.310309092205082085e-02
3.098729227761485849e-01 2.273189237084433795e-02
3.108504398826979487e-01 2.236662356164696025e-02
3.118279569892473124e-01 2.200719087605873189e-02
3.128054740957966762e-01 2.165350213782830935e-02
3.137829912023460399e-01 2.130546659181504349e-02
3.147605083088954037e-01 2.096299488321844151e-02
3.157380254154447674e-01 2.062599903707299301e-02
3.167155425219941312e-01 2.029439243800606682e-02
3.176930596285434949e-01 1.996808981025714747e-02
3.186705767350928586e-01 1.964700719795619416e-02
3.196480938416422224e-01 1.933106194565877706e-02
3.206256109481915861e-01 1.902017267913611032e-02
3.216031280547409499e-01 1.871425928641770944e-02
3.225806451612903136e-01 1.841324289908419926e-02
3.235581622678396774e-01 1.811704587380838852e-02
3.245356793743890411e-01 1.782559177414216184e-02
3.255131964809384049e-01 1.753880535254676715e-02
3.264907135874877686e-01 1.725661253266444831e-02
3.274682306940371324e-01 1.697894039182903589e-02
3.284457478005864961e-01 1.670571714381289402e-02
3.294232649071358598e-01 1.643687212180829429e-02
3.304007820136852236e-01 1.617233576164060771e-02
3.313782991202345873e-01 1.591203958521091380e-02
3.323558162267839511e-01 1.565591618416582384e-02
3.333333333333333148e-01 1.540389920379210340e-02
3.343108504398826786e-01 1.515592332713353724e-02
3.352883675464320423e-01 1.491192425932790985e-02
3.362658846529814061e-01 1.467183871216163303e-02
3.372434017595307698e-01 1.443560438883947569e-02
3.382209188660801336e-01 1.420315996896729521e-02
3.391984359726294973e-01 1.397444509374524794e-02
3.401759530791788610e-01 1.374940035136901738e-02
3.411534701857282248e-01 1.352796726263692101e-02
3.421309872922775885e-01 1.331008826676039966e-02
3.431085043988269523e-01 1.309570670737545892e-02
3.440860215053763715e-01 1.288476681875291331e-02
3.450635386119257353e-01 1.267721371220504982e-02
3.460410557184750990e-01 1.247299336268617095e-02
3.470185728250244628e-01 1.227205259558495319e-02
3.479960899315738265e-01 1.207433907370634649e-02
3.489736070381231903e-01 1.187980128444046483e-02
3.499511241446725540e-01 1.168838852711630641e-02
3.509286412512219178e-01 1.150005090053826846e-02
3.519061583577712815e-01 1.131473929070282887e-02
3.528836754643206453e-01 1.113240535869329181e-02
3.538611925708700090e-01 1.095300152875063049e-02
3.548387096774193727e-01 1.077648097651779692e-02
3.558162267839687365e-01 1.060279761745550400e-02
3.567937438905181002e-01 1.043190609542749697e-02
3.577712609970674640e-01 1.026376177145275730e-02
3.587487781036168277e-01 1.009832071262272042e-02
3.597262952101661915e-01 9.935539681181508945e-03
3.607038123167155552e-01 9.775376123766749137e-03
3.616813294232649190e-01 9.617788160809052217e-03
3.626588465298142827e-01 9.462734576088217484e-03
3.636363636363636465e-01 9.310174806443815426e-03
3.646138807429130102e-01 9.160068931638235684e-03
3.655913978494623739e-01 9.012377664370362779e-03
3.665689149560117377e-01 8.867062340437541212e-03
3.675464320625611014e-01 8.724084909044024089e-03
3.685239491691104652e-01 8.583407923254056035e-03
3.695014662756598289e-01 8.444994530587390802e-03
3.704789833822091927e-01 8.308808463755416873e-03
3.714565004887585564e-01 8.174814031536166772e-03
3.724340175953079202e-01 8.042976109785996558e-03
3.734115347018572839e-01 7.913260132586242418e-03
3.743890518084066477e-01 7.785632083523114436e-03
3.753665689149560114e-01 7.660058487098734582e-03
3.763440860215053752e-01 7.536506400271651869e-03
3.773216031280547389e-01 7.414943404125137229e-03
3.782991202346041026e-01 7.295337595661269270e-03
3.792766373411534664e-01 7.177657579719163780e-03
3.802541544477028301e-01 7.061872461015718076e-03
3.812316715542521939e-01 6.947951836306952463e-03
3.822091886608015576e-01 6.835865786668333770e-03
3.831867057673509214e-01 6.725584869892537072e-03
3.841642228739002851e-01 6.617080113002766877e-03
3.851417399804496489e-01 6.510323004880093009e-03
3.861192570869990126e-01 6.405285489003303273e-03
3.870967741935483764e-01 6.301939956299458349e-03
3.880742913000977401e-01 6.200259238103658817e-03
3.890518084066471038e-01 6.100216599226590541e-03
3.900293255131964676e-01 6.001785731128071212e-03
3.910068426197458313e-01 5.904940745195196364e-03
3.919843597262951951e-01 5.809656166123663285e-03
3.929618768328445588e-01 5.715906925400600531e-03
3.939393939393939226e-01 5.623668354887515278e-03
3.949169110459432863e-01 5.532916180502013212e-03
3.958944281524926501e-01 5.443626515996670759e-03
3.968719452590420138e-01 5.355775856833728220e-03
3.978494623655913776e-01 5.269341074154301925e-03
3.988269794721407413e-01 5.184299408840551543e-03
3.998044965786901050e-01 5.100628465669544004e-03
4.007820136852394688e-01 5.018306207557536418e-03
4.017595307917888325e-01 4.937310949893185252e-03
4.027370478983381963e-01 4.857621354958468335e-03
4.037145650048875600e-01 4.779216426436091493e-03
4.046920821114369238e-01 4.702075504001948687e-03
4.056695992179862875e-01 4.626178258001462096e-03
4.066471163245356513e-01 4.551504684208626875e-03
4.076246334310850705e-01 4.478035098666378021e-03
4.086021505376344343e-01 4.405750132607195134e-03
4.095796676441837980e-01 4.334630727452688272e-03
4.105571847507331618e-01 4.264658129891026050e-03
4.115347018572825255e-01 4.195813887031026382e-03
4.125122189638318893e-01 4.128079841631732833e-03
4.134897360703812530e-01 4.061438127406403684e-03
4.144672531769306167e-01 3.995871164399768770e-03
4.154447702834799805e-01 3.931361654437436938e-03
4.164222873900293442e-01 3.867892576646398978e-03
4.173998044965787080e-01 3.805447183045559175e-03
4.183773216031280717e-01 3.744008994205187853e-03
4.193548387096774355e-01 3.683561794974328247e-03
4.203323558162267992e-01 3.624089630275084337e-03
4.213098729227761630e-01 3.565576800962773091e-03
4.222873900293255267e-01 3.508007859750974892e-03
4.232649071358748905e-01 3.451367607200490732e-03
4.242424242424242542e-01 3.395641087771196585e-03
4.252199413489736179e-01 3.340813585935894191e-03
4.261974584555229817e-01 3.286870622355196787e-03
4.271749755620723454e-01 3.233797950112483974e-03
4.281524926686217092e-01 3.181581551008067030e-03
4.291300097751710729e-01 3.130207631911634432e-03
4.301075268817204367e-01 3.079662621172060775e-03
4.310850439882698004e-01 3.029933165083756406e-03
4.320625610948191642e-01 2.981006124408660043e-03
4.330400782013685279e-01 2.932868570953003993e-03
4.340175953079178917e-01 2.885507784198058315e-03
4.349951124144672554e-01 2.838911247983999173e-03
4.359726295210166191e-01 2.793066647246066937e-03
4.369501466275659829e-01 2.747961864802249930e-03
4.379276637341153466e-01 2.703584978191682798e-03
4.389051808406647104e-01 2.659924256562956352e-03
4.398826979472140741e-01 2.616968157611605957e-03
4.408602150537634379e-01 2.574705324566012137e-03
4.418377321603128016e-01 2.533124583220928028e-03
4.428152492668621654e-01 2.492214939017953646e-03
4.437927663734115291e-01 2.451965574172199330e-03
4.447702834799608929e-01 2.412365844844416730e-03
4.457478005865102566e-01 2.373405278357913848e-03
4.467253176930596203e-01 2.335073570459559374e-03
4.477028347996089841e-01 2.297360582624163351e-03
4.486803519061583478e-01 2.260256339401598823e-03
4.496578690127077116e-01 2.223751025805984025e-03
4.506353861192570753e-01 2.187834984746256373e-03
4.516129032258064391e-01 2.152498714497521129e-03
4.525904203323558028e-01 2.117732866212533333e-03
4.535679374389051666e-01 2.083528241472663335e-03
4.545454545454545303e-01 2.049875789877766540e-03
4.555229716520038941e-01 2.016766606674336333e-03
4.565004887585532578e-01 1.984191930421323486e-03
4.574780058651026216e-01 1.952143140693067156e-03
4.584555229716519853e-01 1.920611755818743983e-03
4.594330400782013490e-01 1.889589430657743303e-03
4.604105571847507128e-01 1.859067954410447213e-03
4.613880742913000765e-01 1.829039248463834328e-03
4.623655913978494403e-01 1.799495364271357350e-03
4.633431085043988040e-01 1.770428481266580730e-03
4.643206256109481678e-01 1.741830904810037642e-03
4.652981427174975315e-01 1.713695064168771097e-03
4.662756598240468953e-01 1.686013510528072169e-03
4.672531769305962590e-01 1.658778915034899272e-03
4.682306940371456228e-01 1.631984066872465416e-03
4.692082111436950420e-01 1.605621871365530079e-03
4.701857282502444058e-01 1.579685348115906270e-03
4.711632453567937695e-01 1.554167629167677771e-03
4.721407624633431332e-01 1.529061957201707832e-03
4.731182795698924970e-01 1.504361683758946881e-03
4.740957966764418607e-01 1.480060267492085179e-03
4.750733137829912245e-01 1.456151272445118479e-03
4.760508308895405882e-01 1.432628366360383246e-03
4.770283479960899520e-01 1.409485319012612368e-03
4.780058651026393157e-01 1.386716000569607589e-03
4.789833822091886795e-01 1.364314379979101504e-03
4.799608993157380432e-01 1.342274523381377154e-03
4.809384164222874070e-01 1.320590592547270974e-03
4.819159335288367707e-01 1.299256843341130589e-03
4.828934506353861345e-01 1.278267624208350838e-03
4.838709677419354982e-01 1.257617374687087499e-03
4.848484848484848619e-01 1.237300623943763398e-03
4.858260019550342257e-01 1.217311989332021472e-03
4.868035190615835894e-01 1.197646174974699353e-03
4.877810361681329532e-01 1.178297970368521238e-03
4.887585532746823169e-01 1.159262249011095260e-03
4.897360703812316807e-01 1.140533967049900442e-03
4.907135874877810444e-01 1.122108161952883529e-03
4.916911045943304082e-01 1.103979951200365376e-03
4.926686217008797719e-01 1.086144530997859656e-03
4.936461388074291357e-01 1.068597175009538018e-03
4.946236559139784994e-01 1.051333233111957036e-03
4.956011730205278631e-01 1.034348130167763325e-03
4.965786901270772269e-01 1.017637364819034629e-03
4.975562072336265906e-01 1.001196508299973930e-03
4.985337243401759544e-01 9.850212032686091797e-04
4.995112414467253181e-01 9.691071626572403007e-04
5.004887585532746819e-01 9.534501685412990818e-04
5.014662756598240456e-01 9.380460710263515724e-04
5.024437927663734094e-01 9.228907871529385288e-04
5.034213098729227731e-01 9.079802998189961992e-04
5.043988269794721369e-01 8.933106567195364146e-04
5.053763440860215006e-01 8.788779693033573273e-04
5.063538611925708643e-01 8.646784117464760165e-04
5.073313782991202281e-01 8.507082199420387984e-04
5.083088954056695918e-01 8.369636905064332033e-04
5.092864125122189556e-01 8.234411798013649376e-04
5.102639296187683193e-01 8.101371029716083983e-04
5.112414467253176831e-01 7.970479329982265836e-04
5.122189638318670468e-01 7.841701997669722193e-04
5.131964809384164106e-01 7.715004891516561878e-04
5.141739980449657743e-01 7.590354421122251114e-04
5.151515151515151381e-01 7.467717538073381876e-04
5.161290322580645018e-01 7.347061727211758042e-04
5.171065493646138655e-01 7.228354998042941029e-04
5.180840664711632293e-01 7.111565876282648470e-04
5.190615835777125930e-01 6.996663395539038125e-04
5.200391006842619568e-01 6.883617089128574174e-04
5.210166177908113205e-01 6.772396982023516730e-04
5.219941348973606843e-01 6.662973582928625495e-04
5.229716520039100480e-01 6.555317876485400276e-04
5.239491691104594118e-01 6.449401315601468792e-04
5.249266862170087755e-01 6.345195813903354524e-04
5.259042033235581393e-01 6.242673738310496306e-04
5.268817204301075030e-01 6.141807901728780616e-04
5.278592375366568668e-01 6.042571555861376946e-04
5.288367546432062305e-01 5.944938384135341029e-04
5.298142717497555942e-01 5.848882494741837034e-04
5.307917888563049580e-01 5.754378413788366516e-04
5.317693059628543217e-01 5.661401078561047141e-04
5.327468230694036855e-01 5.569925830895401620e-04
5.337243401759530492e-01 5.479928410653610955e-04
5.347018572825024130e-01 5.391384949306862653e-04
5.356793743890517767e-01 5.304271963620835846e-04
5.366568914956011405e-01 5.218566349442828193e-04
5.376344086021505042e-01 5.134245375588818031e-04
5.386119257086998680e-01 5.051286677828976425e-04
5.395894428152492317e-01 4.969668252969840173e-04
5.405669599217985954e-01 4.889368453031853407e-04
5.415444770283479592e-01 4.810365979520538722e-04
5.425219941348973229e-01 4.732639877789907349e-04
5.434995112414466867e-01 4.656169531496576934e-04
5.444770283479960504e-01 4.580934657143239503e-04
5.454545454545454142e-01 4.506915298709859266e-04
5.464320625610947779e-01 4.434091822371428256e-04
5.474095796676441417e-01 4.362444911300683288e-04
5.483870967741935054e-01 4.291955560554555865e-04
5.493646138807428692e-01 4.222605072042918983e-04
5.503421309872922329e-01 4.154375049578441477e-04
5.513196480938415966e-01 4.087247394006047747e-04
5.522971652003909604e-01 4.021204298410933887e-04
5.532746823069403241e-01 3.956228243403684688e-04
5.542521994134896879e-01 3.892301992481376409e-04
5.552297165200390516e-01 3.829408587463363728e-04
5.562072336265884154e-01 3.767531344000669383e-04
5.571847507331377791e-01 3.706653847157609328e-04
5.581622678396871429e-01 3.646759947064709059e-04
5.591397849462365066e-01 3.587833754641578084e-04
5.601173020527858704e-01 3.529859637388741821e-04
5.610948191593352341e-01 3.472822215247238845e-04
5.620723362658845979e-01 3.416706356525011485e-04
5.630498533724339616e-01 3.361497173888838624e-04
5.640273704789834364e-01 3.307180020420947652e-04
5.650048875855328001e-01 3.253740485739151458e-04
5.659824046920821639e-01 3.201164392179470155e-04
5.669599217986315276e-01 3.149437791040350675e-04
5.679374389051808913e-01 3.098546958887362615e-04
5.689149560117302551e-01 3.048478393917511647e-04
5.698924731182796188e-01 2.999218812382120993e-04
5.708699902248289826e-01 2.950755145067364806e-04
5.718475073313783463e-01 2.903074533831596395e-04
5.728250244379277101e-01 2.856164328198442393e-04
5.738025415444770738e-01 2.810012082004830197e-04
5.747800586510264376e-01 2.764605550103102992e-04
5.757575757575758013e-01 2.719932685116258531e-04
5.767350928641251651e-01 2.675981634245509322e-04
5.777126099706745288e-01 2.632740736129361410e-04
5.786901270772238925e-01 2.590198517753297203e-04
5.796676441837732563e-01 2.548343691409294732e-04
5.806451612903226200e-01 2.507165151704411946e-04
5.816226783968719838e-01 2.466651972617580051e-04
5.826001955034213475e-01 2.426793404603859428e-04
5.835777126099707113e-01 2.387578871745434962e-04
5.845552297165200750e-01 2.348997968948522729e-04
5.855327468230694388e-01 2.311040459185490891e-04
5.865102639296188025e-01 2.273696270781494413e-04
5.874877810361681663e-01 2.236955494744845405e-04
5.884652981427175300e-01 2.200808382140438766e-04
5.894428152492668938e-01 2.165245341505588289e-04
5.904203323558162575e-01 2.130256936307508870e-04
5.913978494623656212e-01 2.095833882441815166e-04
5.923753665689149850e-01 2.061967045771410316e-04
5.933528836754643487e-01 2.028647439705043710e-04
5.943304007820137125e-01 1.995866222814931493e-04
5.953079178885630762e-01 1.963614696492854033e-04
5.962854349951124400e-01 1.931884302644026191e-04
5.972629521016618037e-01 1.900666621418183641e-04
5.982404692082111675e-01 1.869953368977307357e-04
5.992179863147605312e-01 1.839736395299331969e-04
6.001955034213098950e-01 1.810007682017295862e-04
6.011730205278592587e-01 1.780759340293391207e-04
6.021505376344086224e-01 1.751983608727268279e-04
6.031280547409579862e-01 1.723672851298143835e-04
6.041055718475073499e-01 1.695819555340082562e-04
6.050830889540567137e-01 1.668416329549954205e-04
6.060606060606060774e-01 1.641455902027577683e-04
6.070381231671554412e-01 1.614931118347427946e-04
6.080156402737048049e-01 1.588834939661515821e-04
6.089931573802541687e-01 1.563160440832872988e-04
6.099706744868035324e-01 1.537900808599148769e-04
6.109481915933528962e-01 1.513049339765840876e-04
6.119257086999022599e-01 1.488599439428731313e-04
6.129032258064516236e-01 1.464544619224942505e-04
6.138807429130009874e-01 1.440878495612279173e-04
6.148582600195503511e-01 1.417594788176328505e-04
6.158357771260997149e-01 1.394687317964872183e-04
6.168132942326490786e-01 1.372150005849185814e-04
6.177908113391984424e-01 1.349976870911821357e-04
6.187683284457478061e-01 1.328162028860357274e-04
6.197458455522971699e-01 1.306699690466803883e-04
6.207233626588465336e-01 1.285584160032185517e-04
6.217008797653958974e-01 1.264809833875900227e-04
6.226783968719452611e-01 1.244371198849464810e-04
6.236559139784946248e-01 1.224262830874284138e-04
6.246334310850439886e-01 1.204479393502973830e-04
6.256109481915933523e-01 1.185015636503953152e-04
6.265884652981427161e-01 1.165866394468875961e-04
6.275659824046920798e-01 1.147026585442535669e-04
6.285434995112414436e-01 1.128491209574888199e-04
6.295210166177908073e-01 1.110255347794867004e-04
6.304985337243401711e-01 1.092314160505562554e-04
6.314760508308895348e-01 1.074662886300507993e-04
6.324535679374388986e-01 1.057296840700679017e-04
6.334310850439882623e-01 1.040211414911880683e-04
6.344086021505376261e-01 1.023402074602194130e-04
6.353861192570869898e-01 1.006864358699191011e-04
6.363636363636363535e-01 9.905938782065242464e-05
6.373411534701857173e-01 9.745863150396636234e-05
6.383186705767350810e-01 9.588374208804207471e-05
6.392961876832844448e-01 9.433430160499634389e-05
6.402737047898338085e-01 9.280989884000258913e-05
6.412512218963831723e-01 9.131012922220486808e-05
6.422287390029325360e-01 8.983459471738924787e-05
6.432062561094818998e-01 8.838290372239178340e-05
6.441837732160312635e-01 8.695467096121050916e-05
6.451612903225806273e-01 8.554951738279462396e-05
6.461388074291299910e-01 8.416707006048402119e-05
6.471163245356793547e-01 8.280696209307485123e-05
6.480938416422287185e-01 8.146883250747934894e-05
6.490713587487780822e-01 8.015232616296051908e-05
6.500488758553274460e-01 7.885709365691236539e-05
6.510263929618768097e-01 7.758279123216164843e-05
6.520039100684261735e-01 7.632908068576584233e-05
6.529814271749755372e-01 7.509562927928670434e-05
6.539589442815249010e-01 7.388210965050915355e-05
6.549364613880742647e-01 7.268819972658881645e-05
6.559139784946236285e-01 7.151358263860152715e-05
6.568914956011729922e-01 7.035794663747225802e-05
6.578690127077223559e-01 6.922098501126187811e-05
6.588465298142717197e-01 6.810239600379151880e-05
6.598240469208210834e-01 6.700188273457824135e-05
6.608015640273704472e-01 6.591915312006639386e-05
6.617790811339198109e-01 6.485391979613038492e-05
6.627565982404691747e-01 6.380590004182870795e-05
6.637341153470185384e-01 6.277481570438938881e-05
6.647116324535679022e-01 6.176039312540860138e-05
6.656891495601172659e-01 6.076236306823870723e-05
6.666666666666666297e-01 5.978046064655132637e-05
6.676441837732159934e-01 5.881442525405349101e-05
6.686217008797653572e-01 5.786400049533886407e-05
6.695992179863147209e-01 5.692893411785557073e-05
6.705767350928640846e-01 5.600897794497448163e-05
6.715542521994134484e-01 5.510388781013618242e-05
6.725317693059628121e-01 5.421342349206362585e-05
6.735092864125121759e-01 5.333734865102074770e-05
6.744868035190615396e-01 5.247543076610028184e-05
6.754643206256109034e-01 5.162744107352450478e-05
6.764418377321602671e-01 5.079315450594392058e-05
6.774193548387096309e-01 4.997234963271432971e-05
6.783968719452589946e-01 4.916480860114037619e-05
6.793743890518083584e-01 4.837031707866773083e-05
6.803519061583577221e-01 4.758866419600878616e-05
6.813294232649070858e-01 4.681964249118683331e-05
6.823069403714564496e-01 4.606304785448561527e-05
6.832844574780058133e-01 4.531867947428590005e-05
6.842619745845551771e-01 4.458633978377882088e-05
6.852394916911045408e-01 4.386583440853948342e-05
6.862170087976539046e-01 4.315697211494721298e-05
6.871945259042032683e-01 4.245956475943886194e-05
6.881720430107527431e-01 4.177342723858308864e-05
6.891495601173021068e-01 4.109837743995954797e-05
6.901270772238514706e-01 4.043423619383239558e-05
6.911045943304008343e-01 3.978082722560521723e-05
6.920821114369501981e-01 3.913797710904225868e-05
6.930596285434995618e-01 3.850551522024688955e-05
6.940371456500489256e-01 3.788327369238339608e-05
6.950146627565982893e-01 3.727108737112899093e-05
6.959921798631476531e-01 3.666879377084687834e-05
6.969696969696970168e-01 3.607623303146713394e-05
6.979472140762463805e-01 3.549324787606315449e-05
6.989247311827957443e-01 3.491968356911460399e-05
6.999022482893451080e-01 3.435538787544455076e-05
7.008797653958944718e-01 3.380021101981898411e-05
7.018572825024438355e-01 3.325400564720006437e-05
7.028347996089931993e-01 3.271662678364147133e-05
7.038123167155425630e-01 3.218793179781454140e-05
7.047898338220919268e-01 3.166778036315694703e-05
7.057673509286412905e-01 3.115603442063288636e-05
7.067448680351906543e-01 3.065255814209396159e-05
7.077223851417400180e-01 3.015721789423296686e-05
7.086999022482893817e-01 2.966988220311998076e-05
7.096774193548387455e-01 2.919042171931054492e-05
7.106549364613881092e-01 2.871870918351844426e-05
7.116324535679374730e-01 2.825461939284309393e-05
7.126099706744868367e-01 2.779802916754163956e-05
7.135874877810362005e-01 2.734881731833883873e-05
7.145650048875855642e-01 2.690686461426505059e-05
7.155425219941349280e-01 2.647205375101297214e-05
7.165200391006842917e-01 2.604426931980652785e-05
7.174975562072336555e-01 2.562339777677265980e-05
7.184750733137830192e-01 2.520932741280719879e-05
7.194525904203323829e-01 2.480194832392837578e-05
7.204301075268817467e-01 2.440115238210932368e-05
7.214076246334311104e-01 2.400683320658106526e-05
7.223851417399804742e-01 2.361888613559990889e-05
7.233626588465298379e-01 2.323720819867099190e-05
7.243401759530792017e-01 2.286169808921988399e-05
7.253176930596285654e-01 2.249225613770640622e-05
7.262952101661779292e-01 2.212878428517293730e-05
7.272727272727272929e-01 2.177118605721931944e-05
7.282502443792766567e-01 2.141936653839895995e-05
7.292277614858260204e-01 2.107323234702868458e-05
7.302052785923753842e-01 2.073269161040480424e-05
7.311827956989247479e-01 2.039765394042039406e-05
7.321603128054741116e-01 2.006803040957645638e-05
7.331378299120234754e-01 1.974373352738007949e-05
7.341153470185728391e-01 1.942467721712454388e-05
7.350928641251222029e-01 1.911077679304461666e-05
7.360703812316715666e-01 1.880194893784034593e-05
7.370478983382209304e-01 1.849811168056458472e-05
7.380254154447702941e-01 1.819918437486786787e-05
7.390029325513196579e-01 1.790508767759413345e-05
7.399804496578690216e-01 1.761574352772290428e-05
7.409579667644183854e-01 1.733107512565172943e-05
7.419354838709677491e-01 1.705100691281275646e-05
7.429130009775171128e-01 1.677546455161927044e-05
7.438905180840664766e-01 1.650437490573619258e-05
7.448680351906158403e-01 1.623766602066887689e-05
7.458455522971652041e-01 1.597526710466605108e-05
7.468230694037145678e-01 1.571710850993132130e-05
7.478005865102639316e-01 1.546312171413775891e-05
7.487781036168132953e-01 1.521323930224167114e-05
7.497556207233626591e-01 1.496739494859023113e-05
7.507331378299120228e-01 1.472552339931770909e-05
7.517106549364613866e-01 1.448756045502664873e-05
7.526881720430107503e-01 1.425344295374885425e-05
7.536656891495601140e-01 1.402310875418124793e-05
7.546432062561094778e-01 1.379649671919306297e-05
7.556207233626588415e-01 1.357354669959951619e-05
7.565982404692082053e-01 1.335419951819723768e-05
7.575757575757575690e-01 1.313839695405808786e-05
7.585532746823069328e-01 1.292608172707676754e-05
7.595307917888562965e-01 1.271719748276766760e-05
7.605083088954056603e-01 1.251168877730781711e-05
7.614858260019550240e-01 1.230950106282150876e-05
7.624633431085043878e-01 1.211058067290225941e-05
7.634408602150537515e-01 1.191487480836917353e-05
7.644183773216031152e-01 1.172233152325340312e-05
7.653958944281524790e-01 1.153289971101068411e-05
7.663734115347018427e-01 1.134652909095703879e-05
7.673509286412512065e-01 1.116317019492365152e-05
7.683284457478005702e-01 1.098277435412699908e-05
7.693059628543499340e-01 1.080529368625153224e-05
7.702834799608992977e-01 1.063068108274105760e-05
7.712609970674486615e-01 1.045889019629512697e-05
7.722385141739980252e-01 1.028987542856782183e-05
7.732160312805473890e-01 1.012359191806528893e-05
7.741935483870967527e-01 9.959995528238523856e-06
7.751710654936461165e-01 9.799042835768878240e-06
7.761485826001954802e-01 9.640691119042841604e-06
7.771260997067448439e-01 9.484898346812767241e-06
7.781036168132942077e-01 9.331623167041114573e-06
7.790811339198435714e-01 9.180824895924965523e-06
7.800586510263929352e-01 9.032463507097580942e-06
7.810361681329422989e-01 8.886499621004762616e-06
7.820136852394916627e-01 8.742894494452846163e-06
7.829912023460410264e-01 8.601610010325339893e-06
7.839687194525903902e-01 8.462608667465971752e-06
7.849462365591397539e-01 8.325853570725249208e-06
7.859237536656891177e-01 8.191308421167564063e-06
7.869012707722384814e-01 8.058937506436802541e-06
7.878787878787878451e-01 7.928705691277662055e-06
7.888563049853372089e-01 7.800578408209840484e-06
7.898338220918865726e-01 7.674521648353202288e-06
7.908113391984359364e-01 7.550501952401183868e-06
7.917888563049853001e-01 7.428486401739822521e-06
7.927663734115346639e-01 7.308442609710528575e-06
7.937438905180840276e-01 7.190338713014050305e-06
7.947214076246333914e-01 7.074143363253092199e-06
7.956989247311827551e-01 6.959825718611848490e-06
7.966764418377321189e-01 6.847355435669970122e-06
7.976539589442814826e-01 6.736702661348590940e-06
7.986314760508308463e-01 6.627838024986728335e-06
7.996089931573802101e-01 6.520732630545703606e-06
8.005865102639295738e-01 6.415358048939333163e-06
8.015640273704789376e-01 6.311686310488269345e-06
8.025415444770283013e-01 6.209689897496253850e-06
8.035190615835776651e-01 6.109341736946148391e-06
8.044965786901270288e-01 6.010615193314185747e-06
8.054740957966763926e-01 5.913484061500323619e-06
8.064516129032257563e-01 5.817922559872670952e-06
8.074291300097751201e-01 5.723905323424473080e-06
8.084066471163244838e-01 5.631407397041693959e-06
8.093841642228738475e-01 5.540404228879193959e-06
8.103616813294232113e-01 5.450871663844135244e-06
8.113391984359725750e-01 5.362785937184669963e-06
8.123167155425219388e-01 5.276123668182086742e-06
8.132942326490713025e-01 5.190861853945026335e-06
8.142717497556207773e-01 5.106977863303996139e-06
8.152492668621701410e-01 5.024449430804393805e-06
8.162267839687195048e-01 4.943254650796751579e-06
8.172043010752688685e-01 4.863371971622370126e-06
8.181818181818182323e-01 4.784780189893022964e-06
8.191593352883675960e-01 4.707458444862953628e-06
8.201368523949169598e-01 4.631386212891964438e-06
8.211143695014663235e-01 4.556543301997863013e-06
8.220918866080156873e-01 4.482909846497009528e-06
8.230694037145650510e-01 4.410466301731402788e-06
8.240469208211144148e-01 4.339193438881073524e-06
8.250244379276637785e-01 4.269072339860182345e-06
8.260019550342131422e-01 4.200084392295708470e-06
8.269794721407625060e-01 4.132211284587204605e-06
8.279569892473118697e-01 4.065435001046410085e-06
8.289345063538612335e-01 3.999737817115387351e-06
8.299120234604105972e-01 3.935102294661984924e-06
8.308895405669599610e-01 3.871511277351230943e-06
8.318670576735093247e-01 3.808947886091624750e-06
8.328445747800586885e-01 3.747395514554933991e-06
8.338220918866080522e-01 3.686837824768434212e-06
8.347996089931574160e-01 3.627258742778334372e-06
8.357771260997067797e-01 3.568642454383351091e-06
8.367546432062561435e-01 3.510973400937127604e-06
8.377321603128055072e-01 3.454236275218583926e-06
8.387096774193548709e-01 3.398416017368925535e-06
8.396871945259042347e-01 3.343497810894345817e-06
8.406647116324535984e-01 3.289467078733292326e-06
8.416422287390029622e-01 3.236309479387339712e-06
8.426197458455523259e-01 3.184010903114510154e-06
8.435972629521016897e-01 3.132557468184181981e-06
8.445747800586510534e-01 3.081935517192463744e-06
8.455522971652004172e-01 3.032131613437140530e-06
8.465298142717497809e-01 2.983132537351165086e-06
8.475073313782991447e-01 2.934925282993847125e-06
8.484848484848485084e-01 2.887497054598654507e-06
8.494623655913978721e-01 2.840835263176887679e-06
8.504398826979472359e-01 2.794927523176178315e-06
8.514173998044965996e-01 2.749761649193011307e-06
8.523949169110459634e-01 2.705325652738346811e-06
8.533724340175953271e-01 2.661607739055558452e-06
8.543499511241446909e-01 2.618596303989724586e-06
8.553274682306940546e-01 2.576279930907575946e-06
8.563049853372434184e-01 2.534647387667168359e-06
8.572825024437927821e-01 2.493687623636550810e-06
8.582600195503421459e-01 2.453389766760584790e-06
8.592375366568915096e-01 2.413743120675208928e-06
8.602150537634408733e-01 2.374737161868273906e-06
8.611925708699902371e-01 2.336361536886317916e-06
8.621700879765396008e-01 2.298606059586437290e-06
8.631476050830889646e-01 2.261460708432586982e-06
8.641251221896383283e-01 2.224915623835550673e-06
8.651026392961876921e-01 2.188961105535938041e-06
8.660801564027370558e-01 2.153587610029413817e-06
8.670576735092864196e-01 2.118785748033591120e-06
8.680351906158357833e-01 2.084546281995819973e-06
8.690127077223851471e-01 2.050860123641267474e-06
8.699902248289345108e-01 2.017718331560600999e-06
8.709677419354838745e-01 1.985112108836694635e-06
8.719452590420332383e-01 1.953032800709629544e-06
8.729227761485826020e-01 1.921471892279483862e-06
8.739002932551319658e-01 1.890421006246204638e-06
8.748778103616813295e-01 1.859871900686024373e-06
8.758553274682306933e-01 1.829816466863789431e-06
8.768328445747800570e-01 1.800246727080676847e-06
8.778103616813294208e-01 1.771154832556642028e-06
8.787878787878787845e-01 1.742533061347135502e-06
8.797653958944281483e-01 1.714373816293447302e-06
8.807429130009775120e-01 1.686669623006196162e-06
8.817204301075268758e-01 1.659413127881380367e-06
8.826979472140762395e-01 1.632597096148529022e-06
8.836754643206256032e-01 1.606214409950344325e-06
8.846529814271749670e-01 1.580258066453424217e-06
8.856304985337243307e-01 1.554721175989479923e-06
8.866080156402736945e-01 1.529596960226611299e-06
8.875855327468230582e-01 1.504878750370115472e-06
8.885630498533724220e-01 1.480559985392401211e-06
8.895405669599217857e-01 1.456634210291463785e-06
8.905180840664711495e-01 1.433095074377548432e-06
8.914956011730205132e-01 1.409936329587465215e-06
8.924731182795698770e-01 1.387151828826164375e-06
8.934506353861192407e-01 1.364735524335095068e-06
8.944281524926686044e-01 1.342681466086957647e-06
8.954056695992179682e-01 1.320983800206359706e-06
8.963831867057673319e-01 1.299636767416031754e-06
8.973607038123166957e-01 1.278634701508123539e-06
8.983382209188660594e-01 1.257972027840218701e-06
8.993157380254154232e-01 1.237643261855640424e-06
9.002932551319647869e-01 1.217643007627692540e-06
9.012707722385141507e-01 1.197965956427393100e-06
9.022482893450635144e-01 1.178606885314383604e-06
9.032258064516128782e-01 1.159560655750588911e-06
9.042033235581622419e-01 1.140822212236289209e-06
9.051808406647116056e-01 1.122386580968221619e-06
9.061583577712609694e-01 1.104248868519390625e-06
9.071358748778103331e-01 1.086404260540180103e-06
9.081133919843596969e-01 1.068848020480485960e-06
9.090909090909090606e-01 1.051575488332477202e-06
9.100684261974584244e-01 1.034582079393684941e-06
9.110459433040077881e-01 1.017863283050069740e-06
9.120234604105571519e-01 1.001414661578772728e-06
9.130009775171065156e-01 9.852318489701875362e-07
9.139784946236558794e-01 9.693105497690951381e-07
9.149560117302052431e-01 9.536465379345057262e-07
9.159335288367546068e-01 9.382356557179342509e-07
9.169110459433039706e-01 9.230738125597958996e-07
9.178885630498533343e-01 9.081569840036502541e-07
9.188660801564026981e-01 8.934812106279701359e-07
9.198435972629520618e-01 8.790425969951938416e-07
9.208211143695014256e-01 8.648373106177449301e-07
9.217986314760507893e-01 8.508615809407706402e-07
9.227761485826001531e-01 8.371116983413080896e-07
9.237536656891495168e-01 8.235840131436422483e-07
9.247311827956988806e-01 8.102749346505521342e-07
9.257086999022482443e-01 7.971809301902344223e-07
9.266862170087976081e-01 7.842985241786126675e-07
9.276637341153469718e-01 7.716242971968075694e-07
9.286412512218963355e-01 7.591548850835073939e-07
9.296187683284456993e-01 7.468869780420206520e-07
9.305962854349950630e-01 7.348173197617379741e-07
9.315738025415444268e-01 7.229427065538111143e-07
9.325513196480937905e-01 7.112599865007849166e-07
9.335288367546431543e-01 6.997660586199791676e-07
9.345063538611925180e-01 6.884578720403818940e-07
9.354838709677418818e-01 6.773324251928580198e-07
9.364613880742912455e-01 6.663867650134259401e-07
9.374389051808406093e-01 6.556179861594264670e-07
9.384164222873900840e-01 6.450232302383447535e-07
9.393939393939394478e-01 6.345996850491072119e-07
9.403714565004888115e-01 6.243445838356198592e-07
9.413489736070381753e-01 6.142552045523927639e-07
9.423264907135875390e-01 6.043288691420166004e-07
9.433040078201369028e-01 5.945629428243135414e-07
9.442815249266862665e-01 5.849548333969939288e-07
9.452590420332356302e-01 5.755019905475856815e-07
9.462365591397849940e-01 5.662019051765073753e-07
9.472140762463343577e-01 5.570521087310711181e-07
9.481915933528837215e-01 5.480501725502463429e-07
9.491691104594330852e-01 5.391937072200100317e-07
9.501466275659824490e-01 5.304803619391285719e-07
9.511241446725318127e-01 5.219078238951662665e-07
9.521016617790811765e-01 5.134738176505949231e-07
9.530791788856305402e-01 5.051761045388205046e-07
9.540566959921799040e-01 4.970124820699648473e-07
9.550342130987292677e-01 4.889807833462493439e-07
9.560117302052786314e-01 4.810788764868393494e-07
9.569892473118279952e-01 4.733046640619616388e-07
9.579667644183773589e-01 4.656560825361833738e-07
9.589442815249267227e-01 4.581311017206836998e-07
9.599217986314760864e-01 4.507277242343727087e-07
9.608993157380254502e-01 4.434439849737180057e-07
9.618768328445748139e-01 4.362779505911510318e-07
9.628543499511241777e-01 4.292277189818792888e-07
9.638318670576735414e-01 4.222914187790181209e-07
9.648093841642229052e-01 4.154672088568617429e-07
9.657869012707722689e-01 4.087532778421892751e-07
9.667644183773216326e-01 4.021478436334666079e-07
9.677419354838709964e-01 3.956491529278198464e-07
9.687194525904203601e-01 3.892554807556449691e-07
9.696969696969697239e-01 3.829651300227525856e-07
9.706744868035190876e-01 3.767764310598978688e-07
9.716520039100684514e-01 3.706877411795978820e-07
9.726295210166178151e-01 3.646974442401014109e-07
9.736070381231671789e-01 3.588039502164265450e-07
9.745845552297165426e-01 3.530056947782967593e-07
9.755620723362659064e-01 3.473011388749310810e-07
9.765395894428152701e-01 3.416887683265218462e-07
9.775171065493646338e-01 3.361670934223236015e-07
9.784946236559139976e-01 3.307346485252339308e-07
9.794721407624633613e-01 3.253899916827666810e-07
9.804496578690127251e-01 3.201317042443052487e-07
9.814271749755620888e-01 3.149583904845527601e-07
9.824046920821114526e-01 3.098686772330559537e-07
9.833822091886608163e-01 3.048612135097224555e-07
9.843597262952101801e-01 2.999346701662206465e-07
9.853372434017595438e-01 2.950877395331916045e-07
9.863147605083089076e-01 2.903191350731354788e-07
9.872922776148582713e-01 2.856275910389332279e-07
9.882697947214076351e-01 2.810118621378705777e-07
9.892473118279569988e-01 2.764707232010970191e-07
9.902248289345063625e-01 2.720029688584251899e-07
9.912023460410557263e-01 2.676074132183870485e-07
9.921798631476050900e-01 2.632828895534548848e-07
9.931573802541544538e-01 2.590282499903589804e-07
9.941348973607038175e-01 2.548423652054003285e-07
9.951124144672531813e-01 2.507241241246922914e-07
9.960899315738025450e-01 2.466724336292404569e-07
9.970674486803519088e-01 2.426862182648024080e-07
9.980449657869012725e-01 2.387644199564139556e-07
9.990224828934506363e-01 2.349059977275507063e-07
1.000000000000000000e+00 2.311099274238141356e-07
