0.000000000000000000e+00 1.000000000000000000e+00
2.932551319648093839e-03 1.001547308717439799e+00
5.865102639296187678e-03 1.003097713663898993e+00
8.797653958944280650e-03 1.004651204603332904e+00
1.173020527859237536e-02 1.006207771296798059e+00
1.466275659824047006e-02 1.007767403501651948e+00
1.759530791788856130e-02 1.009330090972667682e+00
2.052785923753665601e-02 1.010895823462430343e+00
2.346041055718475071e-02 1.012464590721732227e+00
2.639296187683284542e-02 1.014036382499969191e+00
2.932551319648094013e-02 1.015611188545533894e+00
3.225806451612903136e-02 1.017188998606210371e+00
3.519061583577712260e-02 1.018769802429566163e+00
3.812316715542522078e-02 1.020353589763157043e+00
4.105571847507331201e-02 1.021940350354951788e+00
4.398826979472141019e-02 1.023530073955022601e+00
4.692082111436950143e-02 1.025122750313885556e+00
4.985337243401759266e-02 1.026718369183815094e+00
5.278592375366569084e-02 1.028316920319220840e+00
5.571847507331378208e-02 1.029918393477027294e+00
5.865102639296188025e-02 1.031522778417048869e+00
6.158357771260997149e-02 1.033130064902364476e+00
6.451612903225806273e-02 1.034740242699691448e+00
6.744868035190615396e-02 1.036353301579757469e+00
7.038123167155424520e-02 1.037969231317670937e+00
7.331378299120235031e-02 1.039588021692700925e+00
7.624633431085044155e-02 1.041209662490476306e+00
7.917888563049853279e-02 1.042834143501589983e+00
8.211143695014662403e-02 1.044461454522267685e+00
8.504398826979471526e-02 1.046091585354959941e+00
8.797653958944282038e-02 1.047724525808695573e+00
9.090909090909091161e-02 1.049360265699431638e+00
9.384164222873900285e-02 1.050998794850404261e+00
9.677419354838709409e-02 1.052640103092474355e+00
9.970674486803518533e-02 1.054284180264474680e+00
1.026392961876832904e-01 1.055931016213552009e+00
1.055718475073313817e-01 1.057580600795485104e+00
1.085043988269794729e-01 1.059232923874433574e+00
1.114369501466275642e-01 1.060887975325434107e+00
1.143695014662756554e-01 1.062545745032197120e+00
1.173020527859237605e-01 1.064206222888450570e+00
1.202346041055718517e-01 1.065869398798263479e+00
1.231671554252199430e-01 1.067535262676368113e+00
1.260997067448680342e-01 1.069203804448479289e+00
1.290322580645161255e-01 1.070875014051610563e+00
1.319648093841642167e-01 1.072548881434390866e+00
1.348973607038123079e-01 1.074225396557374923e+00
1.378299120234603992e-01 1.075904549393352783e+00
1.407624633431084904e-01 1.077586329927657571e+00
1.436950146627566094e-01 1.079270728157841086e+00
1.466275659824047006e-01 1.080957734096075429e+00
1.495601173020527919e-01 1.082647337767083107e+00
1.524926686217008831e-01 1.084339529209331632e+00
1.554252199413489743e-01 1.086034298475340165e+00
1.583577712609970656e-01 1.087731635631965066e+00
1.612903225806451568e-01 1.089431530760685440e+00
1.642228739002932481e-01 1.091133973957882475e+00
1.671554252199413393e-01 1.092838955335118767e+00
1.700879765395894305e-01 1.094546465019414550e+00
1.730205278592375495e-01 1.096256493153518807e+00
1.759530791788856408e-01 1.097969029896181281e+00
1.788856304985337320e-01 1.099684065422051216e+00
1.818181818181818232e-01 1.101401589922945679e+00
1.847507331378299145e-01 1.103121593607468975e+00
1.876832844574780057e-01 1.104844066700958027e+00
1.906158357771260969e-01 1.106568999446069679e+00
1.935483870967741882e-01 1.108296382103029387e+00
1.964809384164222794e-01 1.110026204949876583e+00
1.994134897360703707e-01 1.111758458282709805e+00
2.023460410557184619e-01 1.113493132415925846e+00
2.052785923753665809e-01 1.115230217682456448e+00
2.082111436950146721e-01 1.116969704434004784e+00
2.111436950146627634e-01 1.118711583041275492e+00
2.140762463343108546e-01 1.120455843894204273e+00
2.170087976539589458e-01 1.122202477401752496e+00
2.199413489736070371e-01 1.123951473993460626e+00
2.228739002932551283e-01 1.125702824118397949e+00
2.258064516129032195e-01 1.127456518245606443e+00
2.287390029325513108e-01 1.129212546864466260e+00
2.316715542521994020e-01 1.130970900484906227e+00
2.346041055718475210e-01 1.132731569637606794e+00
2.375366568914956122e-01 1.134494544874203203e+00
2.404692082111437035e-01 1.136259816767483999e+00
2.434017595307917947e-01 1.138027375911587313e+00
2.463343108504398860e-01 1.139797212922193825e+00
2.492668621700879772e-01 1.141569318436718383e+00
2.521994134897360684e-01 1.143343683114494302e+00
2.551319648093841597e-01 1.145120297636685658e+00
2.580645161290322509e-01 1.146899152707175684e+00
2.609970674486803421e-01 1.148680239052403129e+00
2.639296187683284334e-01 1.150463547421158195e+00
2.668621700879765246e-01 1.152249068585050829e+00
2.697947214076246158e-01 1.154036793338680589e+00
2.727272727272727071e-01 1.155826712499799847e+00
2.756598240469207983e-01 1.157618816909476100e+00
2.785923753665688896e-01 1.159413097432249629e+00
2.815249266862169808e-01 1.161209544956290474e+00
2.844574780058651275e-01 1.163008150393550322e+00
2.873900293255132188e-01 1.164808904679913937e+00
2.903225806451613100e-01 1.166611798775344377e+00
2.932551319648094013e-01 1.168416823664029547e+00
2.961876832844574925e-01 1.170223970354170584e+00
2.991202346041055837e-01 1.172033229879209770e+00
3.020527859237536750e-01 1.173844593296918148e+00
3.049853372434017662e-01 1.175658051689735917e+00
3.079178885630498574e-01 1.177473596165013126e+00
3.108504398826979487e-01 1.179291217855136020e+00
3.137829912023460399e-01 1.181110907917650499e+00
3.167155425219941312e-01 1.182932657535382459e+00
3.196480938416422224e-01 1.184756457916554817e+00
3.225806451612903136e-01 1.186582300294903192e+00
3.255131964809384049e-01 1.188410175929787371e+00
3.284457478005864961e-01 1.190240076106302558e+00
3.313782991202345873e-01 1.192071992135384395e+00
3.343108504398826786e-01 1.193905915353914216e+00
3.372434017595307698e-01 1.195741837124608908e+00
3.401759530791788610e-01 1.197579748836613334e+00
3.431085043988269523e-01 1.199419641905498324e+00
3.460410557184750990e-01 1.201261507772888093e+00
3.489736070381231903e-01 1.203105337906842598e+00
3.519061583577712815e-01 1.204951123801943247e+00
3.548387096774193727e-01 1.206798856979377721e+00
3.577712609970674640e-01 1.208648528987022797e+00
3.607038123167155552e-01 1.210500131399524282e+00
3.636363636363636465e-01 1.212353655818374731e+00
3.665689149560117377e-01 1.214209093871988498e+00
3.695014662756598289e-01 1.216066437215773455e+00
3.724340175953079202e-01 1.217925677532202711e+00
3.753665689149560114e-01 1.219786806530882117e+00
3.782991202346041026e-01 1.221649815948614659e+00
3.812316715542521939e-01 1.223514697549384467e+00
3.841642228739002851e-01 1.225381443124375691e+00
3.870967741935483764e-01 1.227250044492742331e+00
3.900293255131964676e-01 1.229120493500662326e+00
3.929618768328445588e-01 1.230992782021808729e+00
3.958944281524926501e-01 1.232866901957401229e+00
3.988269794721407413e-01 1.234742845236254105e+00
4.017595307917888325e-01 1.236620603814822639e+00
4.046920821114369238e-01 1.238500169677248186e+00
4.076246334310850705e-01 1.240381534835399036e+00
4.105571847507331618e-01 1.242264691328909709e+00
4.134897360703812530e-01 1.244149631225220931e+00
4.164222873900293442e-01 1.246036346619612711e+00
4.193548387096774355e-01 1.247924829635239430e+00
4.222873900293255267e-01 1.249815072423160700e+00
4.252199413489736179e-01 1.251707067162371345e+00
4.281524926686217092e-01 1.253600806059827821e+00
4.310850439882698004e-01 1.255496281350189092e+00
4.340175953079178917e-01 1.257393485296726343e+00
4.369501466275659829e-01 1.259292410190469891e+00
4.398826979472140741e-01 1.261193048350441659e+00
4.428152492668621654e-01 1.263095392123737115e+00
4.457478005865102566e-01 1.264999433885540148e+00
4.486803519061583478e-01 1.266905166039135500e+00
4.516129032258064391e-01 1.268812581015920316e+00
4.545454545454545303e-01 1.270721671275414133e+00
4.574780058651026216e-01 1.272632429305265989e+00
4.604105571847507128e-01 1.274544847621261079e+00
4.633431085043988040e-01 1.276458918767324535e+00
4.662756598240468953e-01 1.278374635315524088e+00
4.692082111436950420e-01 1.280291989866070956e+00
4.721407624633431332e-01 1.282210975047317625e+00
4.750733137829912245e-01 1.284131583515757624e+00
4.780058651026393157e-01 1.286053807956018646e+00
4.809384164222874070e-01 1.287977641080768398e+00
4.838709677419354982e-01 1.289903075630834506e+00
4.868035190615835894e-01 1.291830104375411459e+00
4.897360703812316807e-01 1.293758720111579663e+00
4.926686217008797719e-01 1.295688915664512608e+00
4.956011730205278631e-01 1.297620683887460658e+00
4.985337243401759544e-01 1.299554017661736172e+00
5.014662756598240456e-01 1.301488909896697299e+00
5.043988269794721369e-01 1.303425353529727326e+00
5.073313782991202281e-01 1.305363341526216692e+00
5.102639296187683193e-01 1.307302866879539227e+00
5.131964809384164106e-01 1.309243922611031063e+00
5.161290322580645018e-01 1.311186501769965096e+00
5.190615835777125930e-01 1.313130597433525670e+00
5.219941348973606843e-01 1.315076202706781938e+00
5.249266862170087755e-01 1.317023310722657881e+00
5.278592375366568668e-01 1.318971914641905219e+00
5.307917888563049580e-01 1.320922007653069441e+00
5.337243401759530492e-01 1.322873582972459827e+00
5.366568914956011405e-01 1.324826633844033985e+00
5.395894428152492317e-01 1.326781153539554614e+00
5.425219941348973229e-01 1.328737135358496690e+00
5.454545454545454142e-01 1.330694572627867167e+00
5.483870967741935054e-01 1.332653458702254934e+00
5.513196480938415966e-01 1.334613786963794846e+00
5.542521994134896879e-01 1.336575550822124647e+00
5.571847507331377791e-01 1.338538743714343671e+00
5.601173020527858704e-01 1.340503359104970649e+00
5.630498533724339616e-01 1.342469390485896863e+00
5.659824046920821639e-01 1.344436831376344843e+00
5.689149560117302551e-01 1.346405675322817519e+00
5.718475073313783463e-01 1.348375915899055366e+00
5.747800586510264376e-01 1.350347546705983781e+00
5.777126099706745288e-01 1.352320561371668894e+00
5.806451612903226200e-01 1.354294953551261171e+00
5.835777126099707113e-01 1.356270716926949227e+00
5.865102639296188025e-01 1.358247845207905202e+00
5.894428152492668938e-01 1.360226332130231697e+00
5.923753665689149850e-01 1.362206171456908255e+00
5.953079178885630762e-01 1.364187356977731636e+00
5.982404692082111675e-01 1.366169882509260303e+00
6.011730205278592587e-01 1.368153741894791775e+00
6.041055718475073499e-01 1.370138929004253381e+00
6.070381231671554412e-01 1.372125437734166065e+00
6.099706744868035324e-01 1.374113262007585101e+00
6.129032258064516236e-01 1.376102395774040588e+00
6.158357771260997149e-01 1.378092833009476825e+00
6.187683284457478061e-01 1.380084567716189481e+00
6.217008797653958974e-01 1.382077593922764747e+00
6.246334310850439886e-01 1.384071905684015391e+00
6.275659824046920798e-01 1.386067497080917699e+00
6.304985337243401711e-01 1.388064362220545966e+00
6.334310850439882623e-01 1.390062495236008555e+00
6.363636363636363535e-01 1.392061890286381720e+00
6.392961876832844448e-01 1.394062541556641888e+00
6.422287390029325360e-01 1.396064443257600374e+00
6.451612903225806273e-01 1.398067589625835438e+00
6.480938416422287185e-01 1.400071974923622342e+00
6.510263929618768097e-01 1.402077593438866066e+00
6.539589442815249010e-01 1.404084439485030922e+00
6.568914956011729922e-01 1.406092507401070613e+00
6.598240469208210834e-01 1.408101791551399362e+00
6.627565982404691747e-01 1.410112286325780451e+00
6.656891495601172659e-01 1.412123986139102172e+00
6.686217008797653572e-01 1.414136885431567014e+00
6.715542521994134484e-01 1.416150978668508698e+00
6.744868035190615396e-01 1.418166260340317564e+00
6.774193548387096309e-01 1.420182724962366860e+00
6.803519061583577221e-01 1.422200367074940353e+00
6.832844574780058133e-01 1.424219181243155941e+00
6.862170087976539046e-01 1.426239162056889276e+00
6.891495601173021068e-01 1.428260304130702929e+00
6.920821114369501981e-01 1.430282602103764678e+00
6.950146627565982893e-01 1.432306050639776229e+00
6.979472140762463805e-01 1.434330644426892176e+00
7.008797653958944718e-01 1.436356378177646720e+00
7.038123167155425630e-01 1.438383246628874179e+00
7.067448680351906543e-01 1.440411244541629943e+00
7.096774193548387455e-01 1.442440366701115639e+00
7.126099706744868367e-01 1.444470607916596983e+00
7.155425219941349280e-01 1.446501963021327386e+00
7.184750733137830192e-01 1.448534426872468472e+00
7.214076246334311104e-01 1.450567994351009915e+00
7.243401759530792017e-01 1.452602660361688169e+00
7.272727272727272929e-01 1.454638419832911644e+00
7.302052785923753842e-01 1.456675267716844413e+00
7.331378299120234754e-01 1.458713198988925930e+00
7.360703812316715666e-01 1.460752208647926542e+00
7.390029325513196579e-01 1.462792291716128457e+00
7.419354838709677491e-01 1.464833443239077715e+00
7.448680351906158403e-01 1.466875658285500705e+00
7.478005865102639316e-01 1.468918931947224671e+00
7.507331378299120228e-01 1.470963259339095996e+00
7.536656891495601140e-01 1.473008635598896277e+00
7.565982404692082053e-01 1.475055055887261712e+00
7.595307917888562965e-01 1.477102515387599180e+00
7.624633431085043878e-01 1.479151009306005626e+00
7.653958944281524790e-01 1.481200532871183695e+00
7.683284457478005702e-01 1.483251081334358012e+00
7.712609970674486615e-01 1.485302649969194810e+00
7.741935483870967527e-01 1.487355234071716659e+00
7.771260997067448439e-01 1.489408828960219644e+00
7.800586510263929352e-01 1.491463429975189658e+00
7.829912023460410264e-01 1.493519032479219799e+00
7.859237536656891177e-01 1.495575631856925769e+00
7.888563049853372089e-01 1.497633223514862166e+00
7.917888563049853001e-01 1.499691802881438552e+00
7.947214076246333914e-01 1.501751365406837069e+00
7.976539589442814826e-01 1.503811906562925405e+00
8.005865102639295738e-01 1.505873421843175519e+00
8.035190615835776651e-01 1.507935906762579270e+00
8.064516129032257563e-01 1.509999356857907760e+00
8.093841642228738475e-01 1.512063767686680382e+00
8.123167155425219388e-01 1.514129134827777445e+00
8.152492668621701410e-01 1.516195453881436617e+00
8.181818181818182323e-01 1.518262720468988913e+00
8.211143695014663235e-01 1.520330930232780098e+00
8.240469208211144148e-01 1.522400078836083193e+00
8.269794721407625060e-01 1.524470161963016990e+00
8.299120234604105972e-01 1.526541175318457233e+00
8.328445747800586885e-01 1.528613114627957348e+00
8.357771260997067797e-01 1.530685975637661844e+00
8.387096774193548709e-01 1.532759754114221495e+00
8.416422287390029622e-01 1.534834445844711626e+00
8.445747800586510534e-01 1.536910046636545069e+00
8.475073313782991447e-01 1.538986552317390011e+00
8.504398826979472359e-01 1.541063958735086059e+00
8.533724340175953271e-01 1.543142261757558087e+00
8.563049853372434184e-01 1.545221457272735632e+00
8.592375366568915096e-01 1.547301541188465857e+00
8.621700879765396008e-01 1.549382509432432053e+00
8.651026392961876921e-01 1.551464357952067497e+00
8.680351906158357833e-01 1.553547082714474836e+00
8.709677419354838745e-01 1.555630679706339725e+00
8.739002932551319658e-01 1.557715144933849327e+00
8.768328445747800570e-01 1.559800474422606831e+00
8.797653958944281483e-01 1.561886664217551068e+00
8.826979472140762395e-01 1.563973710382869475e+00
8.856304985337243307e-01 1.566061609001919042e+00
8.885630498533724220e-01 1.568150356177467675e+00
8.914956011730205132e-01 1.570239948030918598e+00
8.944281524926686044e-01 1.572330380702248620e+00
8.973607038123166957e-01 1.574421650350668056e+00
9.002932551319647869e-01 1.576513753154137998e+00
9.032258064516128782e-01 1.578606685309293267e+00
9.061583577712609694e-01 1.580700443031352265e+00
9.090909090909090606e-01 1.582795022554042363e+00
9.120234604105571519e-01 1.584890420129513977e+00
9.149560117302052431e-01 1.586986632028259292e+00
9.178885630498533343e-01 1.589083654539031443e+00
9.208211143695014256e-01 1.591181483968763688e+00
9.237536656891495168e-01 1.593280116642485256e+00
9.266862170087976081e-01 1.595379548903243627e+00
9.296187683284456993e-01 1.597479777112022381e+00
9.325513196480937905e-01 1.599580797647658814e+00
9.354838709677418818e-01 1.601682606906765116e+00
9.384164222873900840e-01 1.603785201303647767e+00
9.413489736070381753e-01 1.605888577270225603e+00
9.442815249266862665e-01 1.607992731255952545e+00
9.472140762463343577e-01 1.610097659727735220e+00
9.501466275659824490e-01 1.612203359169853467e+00
9.530791788856305402e-01 1.614309826083881738e+00
9.560117302052786314e-01 1.616417056988609602e+00
9.589442815249267227e-01 1.618525048419962253e+00
9.618768328445748139e-01 1.620633796930920578e+00
9.648093841642229052e-01 1.622743299091443880e+00
9.677419354838709964e-01 1.624853551488390835e+00
9.706744868035190876e-01 1.626964550725440439e+00
9.736070381231671789e-01 1.629076293423014965e+00
9.765395894428152701e-01 1.631188776218199799e+00
9.794721407624633613e-01 1.633301995765121806e+00
9.824046920821114526e-01 1.635415948733796254e+00
9.853372434017595438e-01 1.637530631810445225e+00
9.882697947214076351e-01 1.639646041698050061e+00
9.912023460410557263e-01 1.641762175115869526e+00
9.941348973607038175e-01 1.643879028799360764e+00
9.970674486803519088e-01 1.645996599500106461e+00
1.000000000000000000e+00 1.648114883985735135e+00
1.002932551319648091e+00 1.650233879039847640e+00
1.005865102639296182e+00 1.652353581461939225e+00
1.008797653958944274e+00 1.654473988067326928e+00
1.011730205278592365e+00 1.656595095687071417e+00
1.014662756598240456e+00 1.658716901167903712e+00
1.017595307917888547e+00 1.660839401372149471e+00
1.020527859237536639e+00 1.662962593177655490e+00
1.023460410557184730e+00 1.665086473477713769e+00
1.026392961876832821e+00 1.667211039180988674e+00
1.029325513196480912e+00 1.669336287211443448e+00
1.032258064516129004e+00 1.671462214508264266e+00
1.035190615835777095e+00 1.673588818025790070e+00
1.038123167155425186e+00 1.675716094733436190e+00
1.041055718475073277e+00 1.677844041615624171e+00
1.043988269794721369e+00 1.679972655671707837e+00
1.046920821114369460e+00 1.682101933915900238e+00
1.049853372434017551e+00 1.684231873377203037e+00
1.052785923753665642e+00 1.686362471099333016e+00
1.055718475073313734e+00 1.688493724140652352e+00
1.058651026392961825e+00 1.690625629574094901e+00
1.061583577712609916e+00 1.692758184487096695e+00
1.064516129032258007e+00 1.694891385981524445e+00
1.067448680351906098e+00 1.697025231173604709e+00
1.070381231671554190e+00 1.699159717193853947e+00
1.073313782991202281e+00 1.701294841187008133e+00
1.076246334310850372e+00 1.703430600311952592e+00
1.079178885630498463e+00 1.705566991742093697e+00
1.082111436950146555e+00 1.707704012664327697e+00
1.085043988269794646e+00 1.709841660279106001e+00
1.087976539589442737e+00 1.711979931801229649e+00
1.090909090909090828e+00 1.714118824459303303e+00
1.093841642228738920e+00 1.716258335495666643e+00
1.096774193548387011e+00 1.718398462166325080e+00
1.099706744868035102e+00 1.720539201740883151e+00
1.102639296187683193e+00 1.722680551502477453e+00
1.105571847507331285e+00 1.724822508747706706e+00
1.108504398826979376e+00 1.726965070786570244e+00
1.111436950146627467e+00 1.729108234942393851e+00
1.114369501466275558e+00 1.731251998551769811e+00
1.117302052785923649e+00 1.733396358964486961e+00
1.120234604105571741e+00 1.735541313543466746e+00
1.123167155425219832e+00 1.737686859664696382e+00
1.126099706744867923e+00 1.739832994717163128e+00
1.129032258064516236e+00 1.741979716102790343e+00
1.131964809384164328e+00 1.744127021236372421e+00
1.134897360703812419e+00 1.746274907545509292e+00
1.137829912023460510e+00 1.748423372470542692e+00
1.140762463343108601e+00 1.750572413464491772e+00
1.143695014662756693e+00 1.752722027992989595e+00
1.146627565982404784e+00 1.754872213534219627e+00
1.149560117302052875e+00 1.757022967578851791e+00
1.152492668621700966e+00 1.759174287629980293e+00
1.155425219941349058e+00 1.761326171203059232e+00
1.158357771260997149e+00 1.763478615825843310e+00
1.161290322580645240e+00 1.765631619038321443e+00
1.164222873900293331e+00 1.767785178392658141e+00
1.167155425219941423e+00 1.769939291453129782e+00
1.170087976539589514e+00 1.772093955796064879e+00
1.173020527859237605e+00 1.774249169009780358e+00
1.175953079178885696e+00 1.776404928694523599e+00
1.178885630498533788e+00 1.778561232462408936e+00
1.181818181818181879e+00 1.780718077937360144e+00
1.184750733137829970e+00 1.782875462755047824e+00
1.187683284457478061e+00 1.785033384562830561e+00
1.190615835777126152e+00 1.787191841020332683e+00
1.193548387096774244e+00 1.789350829797523135e+00
1.196480938416422335e+00 1.791510348576334177e+00
1.199413489736070426e+00 1.793670395050291466e+00
1.202346041055718517e+00 1.795830966924312211e+00
1.205278592375366609e+00 1.797992061914646333e+00
1.208211143695014700e+00 1.800153677748820957e+00
1.211143695014662791e+00 1.802315812165579567e+00
1.214076246334310882e+00 1.804478462914825609e+00
1.217008797653958974e+00 1.806641627757567425e+00
1.219941348973607065e+00 1.808805304465857411e+00
1.222873900293255156e+00 1.810969490822738948e+00
1.225806451612903247e+00 1.813134184622187117e+00
1.228739002932551339e+00 1.815299383669054523e+00
1.231671554252199430e+00 1.817465085779014666e+00
1.234604105571847521e+00 1.819631288778505551e+00
1.237536656891495612e+00 1.821797990504675058e+00
1.240469208211143703e+00 1.823965188805326543e+00
1.243401759530791795e+00 1.826132881538861996e+00
1.246334310850439886e+00 1.828301066574228306e+00
1.249266862170087977e+00 1.830469741790863969e+00
1.252199413489736068e+00 1.832638905078643798e+00
1.255131964809384160e+00 1.834808554337823860e+00
1.258064516129032251e+00 1.836978687478990624e+00
1.260997067448680342e+00 1.839149302423005006e+00
1.263929618768328433e+00 1.841320397100952189e+00
1.266862170087976525e+00 1.843491969454084556e+00
1.269794721407624616e+00 1.845664017433773285e+00
1.272727272727272707e+00 1.847836539001452172e+00
1.275659824046920798e+00 1.850009532128569223e+00
1.278592375366568890e+00 1.852182994796532256e+00
1.281524926686216981e+00 1.854356924996657829e+00
1.284457478005865072e+00 1.856531320730120616e+00
1.287390029325513163e+00 1.858706180007900111e+00
1.290322580645161255e+00 1.860881500850732895e+00
1.293255131964809346e+00 1.863057281289058897e+00
1.296187683284457437e+00 1.865233519360023795e+00
1.299120234604105528e+00 1.867410213119946594e+00
1.302052785923753619e+00 1.869587360624337391e+00
1.304985337243401711e+00 1.871764959941960127e+00
1.307917888563049802e+00 1.873943009151035399e+00
1.310850439882697893e+00 1.876121506339186951e+00
1.313782991202345984e+00 1.878300449603397482e+00
1.316715542521994076e+00 1.880479837049955583e+00
1.319648093841642167e+00 1.882659666794411768e+00
1.322580645161290258e+00 1.884839936961525408e+00
1.325513196480938349e+00 1.887020645685220099e+00
1.328445747800586441e+00 1.889201791108535700e+00
1.331378299120234532e+00 1.891383371383579259e+00
1.334310850439882623e+00 1.893565384671478391e+00
1.337243401759530714e+00 1.895747829142335972e+00
1.340175953079178806e+00 1.897930702975179962e+00
1.343108504398826897e+00 1.900114004357920772e+00
1.346041055718474988e+00 1.902297731487299970e+00
1.348973607038123079e+00 1.904481882568850759e+00
1.351906158357771170e+00 1.906666455816845351e+00
1.354838709677419262e+00 1.908851449454253668e+00
1.357771260997067353e+00 1.911036861712697599e+00
1.360703812316715444e+00 1.913222690832403039e+00
1.363636363636363535e+00 1.915408935062157925e+00
1.366568914956011627e+00 1.917595592659265824e+00
1.369501466275659718e+00 1.919782661889503084e+00
1.372434017595307809e+00 1.921970141027071755e+00
1.375366568914955900e+00 1.924158028354558070e+00
1.378299120234604214e+00 1.926346322162888924e+00
1.381231671554252305e+00 1.928535020751284801e+00
1.384164222873900396e+00 1.930724122427219802e+00
1.387096774193548487e+00 1.932913625506377686e+00
1.390029325513196579e+00 1.935103528312608789e+00
1.392961876832844670e+00 1.937293829177886506e+00
1.395894428152492761e+00 1.939484526442264434e+00
1.398826979472140852e+00 1.941675618453837293e+00
1.401759530791788944e+00 1.943867103568695409e+00
1.404692082111437035e+00 1.946058980150882967e+00
1.407624633431085126e+00 1.948251246572359374e+00
1.410557184750733217e+00 1.950443901212955078e+00
1.413489736070381309e+00 1.952636942460330483e+00
1.416422287390029400e+00 1.954830368709937094e+00
1.419354838709677491e+00 1.957024178364973110e+00
1.422287390029325582e+00 1.959218369836347895e+00
1.425219941348973673e+00 1.961412941542635568e+00
1.428152492668621765e+00 1.963607891910040593e+00
1.431085043988269856e+00 1.965803219372353583e+00
1.434017595307917947e+00 1.967998922370914006e+00
1.436950146627566038e+00 1.970194999354569099e+00
1.439882697947214130e+00 1.972391448779636347e+00
1.442815249266862221e+00 1.974588269109862182e+00
1.445747800586510312e+00 1.976785458816384455e+00
1.448680351906158403e+00 1.978983016377675597e+00
1.451612903225806495e+00 1.981180940279124503e+00
1.454545454545454586e+00 1.983379229014280432e+00
1.457478005865102677e+00 1.985577881083458118e+00
1.460410557184750768e+00 1.987776894994172538e+00
1.463343108504398860e+00 1.989976269261100272e+00
1.466275659824046951e+00 1.992176002406041979e+00
1.469208211143695042e+00 1.994376092957885538e+00
1.472140762463343133e+00 1.996576539452568966e+00
1.475073313782991224e+00 1.998777340433043115e+00
1.478005865102639316e+00 2.000978494449234368e+00
1.480938416422287407e+00 2.003180000058010002e+00
1.483870967741935498e+00 2.005381855823140658e+00
1.486803519061583589e+00 2.007584060315263486e+00
1.489736070381231681e+00 2.009786612111846615e+00
1.492668621700879772e+00 2.011989509797154518e+00
1.495601173020527863e+00 2.014192751962211148e+00
1.498533724340175954e+00 2.016396337204764855e+00
1.501466275659824046e+00 2.018600264129254196e+00
1.504398826979472137e+00 2.020804531346770183e+00
1.507331378299120228e+00 2.023009137475024755e+00
1.510263929618768319e+00 2.025214081138314359e+00
1.513196480938416411e+00 2.027419360967484430e+00
1.516129032258064502e+00 2.029624975599898740e+00
1.519061583577712593e+00 2.031830923679401213e+00
1.521994134897360684e+00 2.034037203856284837e+00
1.524926686217008776e+00 2.036243814787255246e+00
1.527859237536656867e+00 2.038450755135401415e+00
1.530791788856304958e+00 2.040658023570156576e+00
1.533724340175953049e+00 2.042865618767270686e+00
1.536656891495601140e+00 2.045073539408773122e+00
1.539589442815249232e+00 2.047281784182942932e+00
1.542521994134897323e+00 2.049490351784273301e+00
1.545454545454545414e+00 2.051699240913441358e+00
1.548387096774193505e+00 2.053908450277275310e+00
1.551319648093841597e+00 2.056117978588720696e+00
1.554252199413489688e+00 2.058327824566811071e+00
1.557184750733137779e+00 2.060537986936634258e+00
1.560117302052785870e+00 2.062748464429301265e+00
1.563049853372433962e+00 2.064959255781915637e+00
1.565982404692082053e+00 2.067170359737539709e+00
1.568914956011730144e+00 2.069381775045167071e+00
1.571847507331378235e+00 2.071593500459688375e+00
1.574780058651026327e+00 2.073805534741862466e+00
1.577712609970674418e+00 2.076017876658285299e+00
1.580645161290322509e+00 2.078230524981358851e+00
1.583577712609970600e+00 2.080443478489261810e+00
1.586510263929618691e+00 2.082656735965918493e+00
1.589442815249266783e+00 2.084870296200969531e+00
1.592375366568914874e+00 2.087084157989742561e+00
1.595307917888562965e+00 2.089298320133221143e+00
1.598240469208211056e+00 2.091512781438016333e+00
1.601173020527859148e+00 2.093727540716336488e+00
1.604105571847507239e+00 2.095942596785959733e+00
1.607038123167155330e+00 2.098157948470202427e+00
1.609970674486803421e+00 2.100373594597180649e+00
1.612903225806451513e+00 2.102589534001985783e+00
1.615835777126099604e+00 2.104805765524377037e+00
1.618768328445747695e+00 2.107022288009537281e+00
1.621700879765395786e+00 2.109239100308049064e+00
1.624633431085043878e+00 2.111456201275863531e+00
1.627565982404692191e+00 2.113673589774272887e+00
1.630498533724340282e+00 2.115891264669882421e+00
1.633431085043988373e+00 2.118109224834584303e+00
1.636363636363636465e+00 2.120327469145528276e+00
1.639296187683284556e+00 2.122545996485096786e+00
1.642228739002932647e+00 2.124764805740873896e+00
1.645161290322580738e+00 2.126983895805621749e+00
1.648093841642228830e+00 2.129203265577253035e+00
1.651026392961876921e+00 2.131422913958803012e+00
1.653958944281525012e+00 2.133642839858403306e+00
1.656891495601173103e+00 2.135863042189256156e+00
1.659824046920821194e+00 2.138083519869609095e+00
1.662756598240469286e+00 2.140304271822723869e+00
1.665689149560117377e+00 2.142525296976858229e+00
1.668621700879765468e+00 2.144746594265232620e+00
1.671554252199413559e+00 2.146968162626008425e+00
1.674486803519061651e+00 2.149190001002262207e+00
1.677419354838709742e+00 2.151412108341959506e+00
1.680351906158357833e+00 2.153634483597929083e+00
1.683284457478005924e+00 2.155857125727838941e+00
1.686217008797654016e+00 2.158080033694169675e+00
1.689149560117302107e+00 2.160303206464191383e+00
1.692082111436950198e+00 2.162526643009937910e+00
1.695014662756598289e+00 2.164750342308181086e+00
1.697947214076246381e+00 2.166974303340410746e+00
1.700879765395894472e+00 2.169198525092802754e+00
1.703812316715542563e+00 2.171423006556202573e+00
1.706744868035190654e+00 2.173647746726096397e+00
1.709677419354838745e+00 2.175872744602588504e+00
1.712609970674486837e+00 2.178097999190377276e+00
1.715542521994134928e+00 2.180323509498732104e+00
1.718475073313783019e+00 2.182549274541468964e+00
1.721407624633431110e+00 2.184775293336928659e+00
1.724340175953079202e+00 2.187001564907949724e+00
1.727272727272727293e+00 2.189228088281850226e+00
1.730205278592375384e+00 2.191454862490401112e+00
1.733137829912023475e+00 2.193681886569804007e+00
1.736070381231671567e+00 2.195909159560669455e+00
1.739002932551319658e+00 2.198136680507993823e+00
1.741935483870967749e+00 2.200364448461135325e+00
1.744868035190615840e+00 2.202592462473794477e+00
1.747800586510263932e+00 2.204820721603988343e+00
1.750733137829912023e+00 2.207049224914030550e+00
1.753665689149560114e+00 2.209277971470419821e+00
1.756598240469208205e+00 2.211506960343358585e+00
1.759530791788856297e+00 2.213736190608724286e+00
1.762463343108504388e+00 2.215965661345788540e+00
1.765395894428152479e+00 2.218195371638010283e+00
1.768328445747800570e+00 2.220425320573016226e+00
1.771260997067448661e+00 2.222655507242575990e+00
1.774193548387096753e+00 2.224885930742582563e+00
1.777126099706744844e+00 2.227116590173031874e+00
1.780058651026392935e+00 2.229347484637999699e+00
1.782991202346041026e+00 2.231578613245623455e+00
1.785923753665689118e+00 2.233809975108078216e+00
1.788856304985337209e+00 2.236041569341559843e+00
1.791788856304985300e+00 2.238273395066260996e+00
1.794721407624633391e+00 2.240505451406352488e+00
1.797653958944281483e+00 2.242737737489962413e+00
1.800586510263929574e+00 2.244970252449155712e+00
1.803519061583577665e+00 2.247202995419915528e+00
1.806451612903225756e+00 2.249435965542120996e+00
1.809384164222873848e+00 2.251669161959528154e+00
1.812316715542521939e+00 2.253902583819753058e+00
1.815249266862170030e+00 2.256136230274245147e+00
1.818181818181818121e+00 2.258370100478275688e+00
1.821114369501466212e+00 2.260604193590913358e+00
1.824046920821114304e+00 2.262838508775005586e+00
1.826979472140762395e+00 2.265073045197160795e+00
1.829912023460410486e+00 2.267307802027728414e+00
1.832844574780058577e+00 2.269542778440779340e+00
1.835777126099706669e+00 2.271777973614086843e+00
1.838709677419354760e+00 2.274013386729111019e+00
1.841642228739002851e+00 2.276249016970973482e+00
1.844574780058650942e+00 2.278484863528446258e+00
1.847507331378299034e+00 2.280720925593927806e+00
1.850439882697947125e+00 2.282957202363427029e+00
1.853372434017595216e+00 2.285193693036544627e+00
1.856304985337243307e+00 2.287430396816453992e+00
1.859237536656891399e+00 2.289667312909885233e+00
1.862170087976539490e+00 2.291904440527102960e+00
1.865102639296187581e+00 2.294141778881894300e+00
1.868035190615835672e+00 2.296379327191546693e+00
1.870967741935483764e+00 2.298617084676831457e+00
1.873900293255131855e+00 2.300855050561985138e+00
1.876832844574780168e+00 2.303093224074694412e+00
1.879765395894428259e+00 2.305331604446076543e+00
1.882697947214076351e+00 2.307570190910662511e+00
1.885630498533724442e+00 2.309808982706380132e+00
1.888563049853372533e+00 2.312047979074537629e+00
1.891495601173020624e+00 2.314287179259804539e+00
1.894428152492668715e+00 2.316526582510196608e+00
1.897360703812316807e+00 2.318766188077058032e+00
1.900293255131964898e+00 2.321005995214315387e+00
1.903225806451612989e+00 2.323246003180547969e+00
1.906158357771261080e+00 2.325486211237170142e+00
1.909090909090909172e+00 2.327726618648665813e+00
1.912023460410557263e+00 2.329967224682768290e+00
1.914956011730205354e+00 2.332208028610438078e+00
1.917888563049853445e+00 2.334449029705850442e+00
1.920821114369501537e+00 2.336690227246378537e+00
1.923753665689149628e+00 2.338931620512576082e+00
1.926686217008797719e+00 2.341173208788162263e+00
1.929618768328445810e+00 2.343414991360007082e+00
1.932551319648093902e+00 2.345656967518112257e+00
1.935483870967741993e+00 2.347899136555598787e+00
1.938416422287390084e+00 2.350141497768690080e+00
1.941348973607038175e+00 2.352384050456695519e+00
1.944281524926686266e+00 2.354626793921996697e+00
1.947214076246334358e+00 2.356869727470030540e+00
1.950146627565982449e+00 2.359112850409275097e+00
1.953079178885630540e+00 2.361356162051234886e+00
1.956011730205278631e+00 2.363599661710421795e+00
1.958944281524926723e+00 2.365843348704346649e+00
1.961876832844574814e+00 2.368087222353497445e+00
1.964809384164222905e+00 2.370331281981330918e+00
1.967741935483870996e+00 2.372575526914251220e+00
1.970674486803519088e+00 2.374819956481601047e+00
1.973607038123167179e+00 2.377064570015642975e+00
1.976539589442815270e+00 2.379309366851547036e+00
1.979472140762463361e+00 2.381554346327375171e+00
1.982404692082111453e+00 2.383799507784067462e+00
1.985337243401759544e+00 2.386044850565427478e+00
1.988269794721407635e+00 2.388290374018108952e+00
1.991202346041055726e+00 2.390536077491598910e+00
1.994134897360703818e+00 2.392781960338207448e+00
1.997067448680351909e+00 2.395028021913051308e+00
2.000000000000000000e+00 2.397274261574040111e+00
2.002932551319648091e+00 2.399520678681861696e+00
2.005865102639296182e+00 2.401767272599971914e+00
2.008797653958944274e+00 2.404014042694576414e+00
2.011730205278592365e+00 2.406260988334619988e+00
2.014662756598240456e+00 2.408508108891772359e+00
2.017595307917888547e+00 2.410755403740413083e+00
2.020527859237536639e+00 2.413002872257621334e+00
2.023460410557184730e+00 2.415250513823159029e+00
2.026392961876832821e+00 2.417498327819460169e+00
2.029325513196480912e+00 2.419746313631617074e+00
2.032258064516129004e+00 2.421994470647366171e+00
2.035190615835777095e+00 2.424242798257076004e+00
2.038123167155425186e+00 2.426491295853733465e+00
2.041055718475073277e+00 2.428739962832932697e+00
2.043988269794721369e+00 2.430988798592856881e+00
2.046920821114369460e+00 2.433237802533317673e+00
2.049853372434017551e+00 2.435486974058699516e+00
2.052785923753665642e+00 2.437736312574883879e+00
2.055718475073313734e+00 2.439985817490297304e+00
2.058651026392961825e+00 2.442235488215893646e+00
2.061583577712609916e+00 2.444485324165147411e+00
2.064516129032258007e+00 2.446735324754037322e+00
2.067448680351906098e+00 2.448985489401036553e+00
2.070381231671554190e+00 2.451235817527097183e+00
2.073313782991202281e+00 2.453486308555643092e+00
2.076246334310850372e+00 2.455736961912552641e+00
2.079178885630498463e+00 2.457987777026150233e+00
2.082111436950146555e+00 2.460238753327190331e+00
2.085043988269794646e+00 2.462489890248852564e+00
2.087976539589442737e+00 2.464741187226723085e+00
2.090909090909090828e+00 2.466992643698784793e+00
2.093841642228738920e+00 2.469244259105407568e+00
2.096774193548387011e+00 2.471496032889333172e+00
2.099706744868035102e+00 2.473747964495668139e+00
2.102639296187683193e+00 2.476000053371866905e+00
2.105571847507331285e+00 2.478252298967726031e+00
2.108504398826979376e+00 2.480504700735368662e+00
2.111436950146627467e+00 2.482757258129232092e+00
2.114369501466275558e+00 2.485009970606063767e+00
2.117302052785923649e+00 2.487262837624901302e+00
2.120234604105571741e+00 2.489515858647065372e+00
2.123167155425219832e+00 2.491769033136150391e+00
2.126099706744867923e+00 2.494022360558009854e+00
2.129032258064516014e+00 2.496275840380747901e+00
2.131964809384164106e+00 2.498529472074706437e+00
2.134897360703812197e+00 2.500783255112457137e+00
2.137829912023460288e+00 2.503037188968785909e+00
2.140762463343108379e+00 2.505291273120687556e+00
2.143695014662756471e+00 2.507545507047352018e+00
2.146627565982404562e+00 2.509799890230153707e+00
2.149560117302052653e+00 2.512054422152641298e+00
2.152492668621700744e+00 2.514309102300528842e+00
2.155425219941348836e+00 2.516563930161683338e+00
2.158357771260996927e+00 2.518818905226113181e+00
2.161290322580645018e+00 2.521074026985962391e+00
2.164222873900293109e+00 2.523329294935495959e+00
2.167155425219941201e+00 2.525584708571090520e+00
2.170087976539589292e+00 2.527840267391225026e+00
2.173020527859237383e+00 2.530095970896472313e+00
2.175953079178885474e+00 2.532351818589485326e+00
2.178885630498533565e+00 2.534607809974987358e+00
2.181818181818181657e+00 2.536863944559768047e+00
2.184750733137829748e+00 2.539120221852664283e+00
2.187683284457477839e+00 2.541376641364558431e+00
2.190615835777125930e+00 2.543633202608362343e+00
2.193548387096774022e+00 2.545889905098840167e+00
2.196480938416422113e+00 2.548146748352291713e+00
2.199413489736070204e+00 2.550403731888582382e+00
2.202346041055718295e+00 2.552660855228652714e+00
2.205278592375366387e+00 2.554918117895424778e+00
2.208211143695014478e+00 2.557175519413796394e+00
2.211143695014662569e+00 2.559433059310630032e+00
2.214076246334310660e+00 2.561690737114747485e+00
2.217008797653958752e+00 2.563948552356913435e+00
2.219941348973606843e+00 2.566206504569831459e+00
2.222873900293254934e+00 2.568464593288134701e+00
2.225806451612903025e+00 2.570722818048373881e+00
2.228739002932551116e+00 2.572981178389009305e+00
2.231671554252199208e+00 2.575239673850402866e+00
2.234604105571847299e+00 2.577498303974806504e+00
2.237536656891495390e+00 2.579757068306358203e+00
2.240469208211143481e+00 2.582015966391065565e+00
2.243401759530791573e+00 2.584274997776803584e+00
2.246334310850439664e+00 2.586534162013301774e+00
2.249266862170087755e+00 2.588793458652137947e+00
2.252199413489735846e+00 2.591052887246727110e+00
2.255131964809384382e+00 2.593312447352314365e+00
2.258064516129032473e+00 2.595572138525964245e+00
2.260997067448680564e+00 2.597831960326555834e+00
2.263929618768328655e+00 2.600091912314769882e+00
2.266862170087976747e+00 2.602351994053083484e+00
2.269794721407624838e+00 2.604612205105758971e+00
2.272727272727272929e+00 2.606872545038838584e+00
2.275659824046921020e+00 2.609133013420132929e+00
2.278592375366569112e+00 2.611393609819213868e+00
2.281524926686217203e+00 2.613654333807407415e+00
2.284457478005865294e+00 2.615915184957783080e+00
2.287390029325513385e+00 2.618176162845146759e+00
2.290322580645161477e+00 2.620437267046034080e+00
2.293255131964809568e+00 2.622698497138699736e+00
2.296187683284457659e+00 2.624959852703110386e+00
2.299120234604105750e+00 2.627221333320937546e+00
2.302052785923753842e+00 2.629482938575547823e+00
2.304985337243401933e+00 2.631744668051994918e+00
2.307917888563050024e+00 2.634006521337016071e+00
2.310850439882698115e+00 2.636268498019016082e+00
2.313782991202346206e+00 2.638530597688067747e+00
2.316715542521994298e+00 2.640792819935898983e+00
2.319648093841642389e+00 2.643055164355885722e+00
2.322580645161290480e+00 2.645317630543046583e+00
2.325513196480938571e+00 2.647580218094030435e+00
2.328445747800586663e+00 2.649842926607116400e+00
2.331378299120234754e+00 2.652105755682197863e+00
2.334310850439882845e+00 2.654368704920779809e+00
2.337243401759530936e+00 2.656631773925970830e+00
2.340175953079179028e+00 2.658894962302475129e+00
2.343108504398827119e+00 2.661158269656583197e+00
2.346041055718475210e+00 2.663421695596167371e+00
2.348973607038123301e+00 2.665685239729679967e+00
2.351906158357771393e+00 2.667948901669157102e+00
2.354838709677419484e+00 2.670212681027226864e+00
2.357771260997067575e+00 2.672476577418003707e+00
2.360703812316715666e+00 2.674740590457147071e+00
2.363636363636363757e+00 2.677004719761853835e+00
2.366568914956011849e+00 2.679268964950850318e+00
2.369501466275659940e+00 2.681533325644387844e+00
2.372434017595308031e+00 2.683797801464231636e+00
2.375366568914956122e+00 2.686062392033656820e+00
2.378299120234604214e+00 2.688327096977440878e+00
2.381231671554252305e+00 2.690591915921854760e+00
2.384164222873900396e+00 2.692856848494659339e+00
2.387096774193548487e+00 2.695121894325095635e+00
2.390029325513196579e+00 2.697387053043880378e+00
2.392961876832844670e+00 2.699652324283194904e+00
2.395894428152492761e+00 2.701917707676683378e+00
2.398826979472140852e+00 2.704183202859443913e+00
2.401759530791788944e+00 2.706448809468020578e+00
2.404692082111437035e+00 2.708714527140399397e+00
2.407624633431085126e+00 2.710980355516000362e+00
2.410557184750733217e+00 2.713246294235668099e+00
2.413489736070381309e+00 2.715512342941670543e+00
2.416422287390029400e+00 2.717778501277690051e+00
2.419354838709677491e+00 2.720044768888814524e+00
2.422287390029325582e+00 2.722311145421533407e+00
2.425219941348973673e+00 2.724577630523733696e+00
2.428152492668621765e+00 2.726844223844686166e+00
2.431085043988269856e+00 2.729110925035045820e+00
2.434017595307917947e+00 2.731377733746844338e+00
2.436950146627566038e+00 2.733644649633481638e+00
2.439882697947214130e+00 2.735911672349719215e+00
2.442815249266862221e+00 2.738178801551677033e+00
2.445747800586510312e+00 2.740446036896825088e+00
2.448680351906158403e+00 2.742713378043977190e+00
2.451612903225806495e+00 2.744980824653286966e+00
2.454545454545454586e+00 2.747248376386236757e+00
2.457478005865102677e+00 2.749516032905638507e+00
2.460410557184750768e+00 2.751783793875623108e+00
2.463343108504398860e+00 2.754051658961632842e+00
2.466275659824046951e+00 2.756319627830420949e+00
2.469208211143695042e+00 2.758587700150042288e+00
2.472140762463343133e+00 2.760855875589845798e+00
2.475073313782991224e+00 2.763124153820471385e+00
2.478005865102639316e+00 2.765392534513845035e+00
2.480938416422287407e+00 2.767661017343168162e+00
2.483870967741935498e+00 2.769929601982915823e+00
2.486803519061583589e+00 2.772198288108831843e+00
2.489736070381231681e+00 2.774467075397918148e+00
2.492668621700879772e+00 2.776735963528433437e+00
2.495601173020527863e+00 2.779004952179886523e+00
2.498533724340175954e+00 2.781274041033028777e+00
2.501466275659824046e+00 2.783543229769851468e+00
2.504398826979472137e+00 2.785812518073481847e+00
2.507331378299120228e+00 2.788081905627479706e+00
2.510263929618768319e+00 2.790351392118598728e+00
2.513196480938416411e+00 2.792620977233720048e+00
2.516129032258064502e+00 2.794890660660936277e+00
2.519061583577712593e+00 2.797160442089545729e+00
2.521994134897360684e+00 2.799430321210044870e+00
2.524926686217008776e+00 2.801700297714127874e+00
2.527859237536656867e+00 2.803970371294675967e+00
2.530791788856304958e+00 2.806240541645754760e+00
2.533724340175953049e+00 2.808510808462608921e+00
2.536656891495601140e+00 2.810781171441656845e+00
2.539589442815249232e+00 2.813051630280482662e+00
2.542521994134897323e+00 2.815322184677835793e+00
2.545454545454545414e+00 2.817592834333622065e+00
2.548387096774193505e+00 2.819863578948898386e+00
2.551319648093841597e+00 2.822134418225871855e+00
2.554252199413489688e+00 2.824405351867888214e+00
2.557184750733137779e+00 2.826676379579432297e+00
2.560117302052785870e+00 2.828947501066120029e+00
2.563049853372433962e+00 2.831218716034693550e+00
2.565982404692082053e+00 2.833490024193017209e+00
2.568914956011730144e+00 2.835761425250071355e+00
2.571847507331378235e+00 2.838032918915949221e+00
2.574780058651026327e+00 2.840304504901849825e+00
2.577712609970674418e+00 2.842576182920071304e+00
2.580645161290322509e+00 2.844847952684014913e+00
2.583577712609970600e+00 2.847119813908166375e+00
2.586510263929618691e+00 2.849391766308105201e+00
2.589442815249266783e+00 2.851663809600488708e+00
2.592375366568914874e+00 2.853935943503053352e+00
2.595307917888562965e+00 2.856208167734606729e+00
2.598240469208211056e+00 2.858480482015025359e+00
2.601173020527859148e+00 2.860752886065248912e+00
2.604105571847507239e+00 2.863025379607274878e+00
2.607038123167155330e+00 2.865297962364155016e+00
2.609970674486803421e+00 2.867570634059989132e+00
2.612903225806451513e+00 2.869843394419921978e+00
2.615835777126099604e+00 2.872116243170138361e+00
2.618768328445747695e+00 2.874389180037856484e+00
2.621700879765395786e+00 2.876662204751326612e+00
2.624633431085043878e+00 2.878935317039825748e+00
2.627565982404691969e+00 2.881208516633649186e+00
2.630498533724340060e+00 2.883481803264111853e+00
2.633431085043988151e+00 2.885755176663540311e+00
2.636363636363636243e+00 2.888028636565269203e+00
2.639296187683284334e+00 2.890302182703635481e+00
2.642228739002932425e+00 2.892575814813976187e+00
2.645161290322580516e+00 2.894849532632624900e+00
2.648093841642228607e+00 2.897123335896900187e+00
2.651026392961876699e+00 2.899397224345113599e+00
2.653958944281524790e+00 2.901671197716551465e+00
2.656891495601172881e+00 2.903945255751482435e+00
2.659824046920820972e+00 2.906219398191145942e+00
2.662756598240469064e+00 2.908493624777750419e+00
2.665689149560117155e+00 2.910767935254469307e+00
2.668621700879765246e+00 2.913042329364985417e+00
2.671554252199413337e+00 2.915316806854201026e+00
2.674486803519061429e+00 2.917591367468888031e+00
2.677419354838709520e+00 2.919866010956027491e+00
2.680351906158357611e+00 2.922140737063545934e+00
2.683284457478005702e+00 2.924415545540309136e+00
2.686217008797653794e+00 2.926690436136119899e+00
2.689149560117301885e+00 2.928965408601710951e+00
2.692082111436949976e+00 2.931240462688742721e+00
2.695014662756598067e+00 2.933515598149800230e+00
2.697947214076246158e+00 2.935790814738386878e+00
2.700879765395894250e+00 2.938066112208923109e+00
2.703812316715542341e+00 2.940341490316737971e+00
2.706744868035190432e+00 2.942616948818070899e+00
2.709677419354838523e+00 2.944892487470062825e+00
2.712609970674486615e+00 2.947168106030754409e+00
2.715542521994134706e+00 2.949443804259082924e+00
2.718475073313782797e+00 2.951719581914878265e+00
2.721407624633430888e+00 2.953995438758855396e+00
2.724340175953078980e+00 2.956271374552615239e+00
2.727272727272727071e+00 2.958547389058638011e+00
2.730205278592375162e+00 2.960823482040282340e+00
2.733137829912023253e+00 2.963099653261777267e+00
2.736070381231671345e+00 2.965375902488220028e+00
2.739002932551319436e+00 2.967652229485576054e+00
2.741935483870967527e+00 2.969928634020668312e+00
2.744868035190615618e+00 2.972205115861181302e+00
2.747800586510263710e+00 2.974481674775649065e+00
2.750733137829911801e+00 2.976758310533460072e+00
2.753665689149560336e+00 2.979035022904846119e+00
2.756598240469208427e+00 2.981311811660883659e+00
2.759530791788856519e+00 2.983588676573486254e+00
2.762463343108504610e+00 2.985865617415405904e+00
2.765395894428152701e+00 2.988142633960225059e+00
2.768328445747800792e+00 2.990419725982355725e+00
2.771260997067448884e+00 2.992696893257033253e+00
2.774193548387096975e+00 2.994974135560313222e+00
2.777126099706745066e+00 2.997251452669073668e+00
2.780058651026393157e+00 2.999528844361002200e+00
2.782991202346041248e+00 3.001806310414600443e+00
2.785923753665689340e+00 3.004083850609174711e+00
2.788856304985337431e+00 3.006361464724837340e+00
2.791788856304985522e+00 3.008639152542499140e+00
2.794721407624633613e+00 3.010916913843872056e+00
2.797653958944281705e+00 3.013194748411454071e+00
2.800586510263929796e+00 3.015472656028541643e+00
2.803519061583577887e+00 3.017750636479212822e+00
2.806451612903225978e+00 3.020028689548331702e+00
2.809384164222874070e+00 3.022306815021539528e+00
2.812316715542522161e+00 3.024585012685259588e+00
2.815249266862170252e+00 3.026863282326682558e+00
2.818181818181818343e+00 3.029141623733773603e+00
2.821114369501466435e+00 3.031420036695263942e+00
2.824046920821114526e+00 3.033698521000647297e+00
2.826979472140762617e+00 3.035977076440178557e+00
2.829912023460410708e+00 3.038255702804870229e+00
2.832844574780058799e+00 3.040534399886488881e+00
2.835777126099706891e+00 3.042813167477550262e+00
2.838709677419354982e+00 3.045092005370523491e+00
2.841642228739003073e+00 3.047370913359923605e+00
2.844574780058651164e+00 3.049649891240881150e+00
2.847507331378299256e+00 3.051928938808879721e+00
2.850439882697947347e+00 3.054208055860135662e+00
2.853372434017595438e+00 3.056487242191600284e+00
2.856304985337243529e+00 3.058766497600952317e+00
2.859237536656891621e+00 3.061045821886597018e+00
2.862170087976539712e+00 3.063325214847661737e+00
2.865102639296187803e+00 3.065604676283997687e+00
2.868035190615835894e+00 3.067884205996167957e+00
2.870967741935483986e+00 3.070163803785451950e+00
2.873900293255132077e+00 3.072443469453840059e+00
2.876832844574780168e+00 3.074723202804031885e+00
2.879765395894428259e+00 3.077003003639428247e+00
2.882697947214076351e+00 3.079282871764133844e+00
2.885630498533724442e+00 3.081562806982955038e+00
2.888563049853372533e+00 3.083842809101388305e+00
2.891495601173020624e+00 3.086122877925629560e+00
2.894428152492668715e+00 3.088403013262560837e+00
2.897360703812316807e+00 3.090683214919751176e+00
2.900293255131964898e+00 3.092963482705459288e+00
2.903225806451612989e+00 3.095243816428618011e+00
2.906158357771261080e+00 3.097524215898844524e+00
2.909090909090909172e+00 3.099804680926428357e+00
2.912023460410557263e+00 3.102085211322335390e+00
2.914956011730205354e+00 3.104365806898199853e+00
2.917888563049853445e+00 3.106646467466321671e+00
2.920821114369501537e+00 3.108927192839669118e+00
2.923753665689149628e+00 3.111207982831869945e+00
2.926686217008797719e+00 3.113488837257210040e+00
2.929618768328445810e+00 3.115769755930635210e+00
2.932551319648093902e+00 3.118050738667741850e+00
2.935483870967741993e+00 3.120331785284777837e+00
2.938416422287390084e+00 3.122612895598640304e+00
2.941348973607038175e+00 3.124894069426870313e+00
2.944281524926686266e+00 3.127175306587652859e+00
2.947214076246334358e+00 3.129456606899814197e+00
2.950146627565982449e+00 3.131737970182813857e+00
2.953079178885630540e+00 3.134019396256751744e+00
2.956011730205278631e+00 3.136300884942355705e+00
2.958944281524926723e+00 3.138582436060984637e+00
2.961876832844574814e+00 3.140864049434625382e+00
2.964809384164222905e+00 3.143145724885887837e+00
2.967741935483870996e+00 3.145427462238004512e+00
2.970674486803519088e+00 3.147709261314825646e+00
2.973607038123167179e+00 3.149991121940820982e+00
2.976539589442815270e+00 3.152273043941070885e+00
2.979472140762463361e+00 3.154555027141271673e+00
2.982404692082111453e+00 3.156837071367724068e+00
2.985337243401759544e+00 3.159119176447338528e+00
2.988269794721407635e+00 3.161401342207629472e+00
2.991202346041055726e+00 3.163683568476711727e+00
2.994134897360703818e+00 3.165965855083297864e+00
2.997067448680351909e+00 3.168248201856701307e+00
3.000000000000000000e+00 3.170530608626826119e+00
