0.000000000000000000e+00 1.500000000000000000e+00
2.932551319648093839e-03 1.502320963076159810e+00
5.865102639296187678e-03 1.504646570495848490e+00
8.797653958944280650e-03 1.506976806904999133e+00
1.173020527859237536e-02 1.509311656945196978e+00
1.466275659824047006e-02 1.511651105252478144e+00
1.759530791788856130e-02 1.513995136459001634e+00
2.052785923753665601e-02 1.516343735193645514e+00
2.346041055718475071e-02 1.518696886082598230e+00
2.639296187683284542e-02 1.521054573749953676e+00
2.932551319648094013e-02 1.523416782818300952e+00
3.225806451612903136e-02 1.525783497909315667e+00
3.519061583577712260e-02 1.528154703644349244e+00
3.812316715542522078e-02 1.530530384644735342e+00
4.105571847507331201e-02 1.532910525532427570e+00
4.398826979472141019e-02 1.535295110932533680e+00
4.692082111436950143e-02 1.537684125470828445e+00
4.985337243401759266e-02 1.540077553775722530e+00
5.278592375366569084e-02 1.542475380478831148e+00
5.571847507331378208e-02 1.544877590215541163e+00
5.865102639296188025e-02 1.547284167625573303e+00
6.158357771260997149e-02 1.549695097353546824e+00
6.451612903225806273e-02 1.552110364049537283e+00
6.744868035190615396e-02 1.554529952369636314e+00
7.038123167155424520e-02 1.556953846976506295e+00
7.331378299120235031e-02 1.559382032539051277e+00
7.624633431085044155e-02 1.561814493735714571e+00
7.917888563049853279e-02 1.564251215252385085e+00
8.211143695014662403e-02 1.566692181783401416e+00
8.504398826979471526e-02 1.569137378032440022e+00
8.797653958944282038e-02 1.571586788713043470e+00
9.090909090909091161e-02 1.574040398549147568e+00
9.384164222873900285e-02 1.576498192275606502e+00
9.677419354838709409e-02 1.578960154638711533e+00
9.970674486803518533e-02 1.581426270396711908e+00
1.026392961876832904e-01 1.583896524320328014e+00
1.055718475073313817e-01 1.586370901193227878e+00
1.085043988269794729e-01 1.588849385811650583e+00
1.114369501466275642e-01 1.591331962988151272e+00
1.143695014662756554e-01 1.593818617548295569e+00
1.173020527859237605e-01 1.596309334332675967e+00
1.202346041055718517e-01 1.598804098197395218e+00
1.231671554252199430e-01 1.601302894014552169e+00
1.260997067448680342e-01 1.603805706672718934e+00
1.290322580645161255e-01 1.606312521077415845e+00
1.319648093841642167e-01 1.608823322151586410e+00
1.348973607038123079e-01 1.611338094836062496e+00
1.378299120234603992e-01 1.613856824090029285e+00
1.407624633431084904e-01 1.616379494891486468e+00
1.436950146627566094e-01 1.618906092236761740e+00
1.466275659824047006e-01 1.621436601144113254e+00
1.495601173020527919e-01 1.623971006650624549e+00
1.524926686217008831e-01 1.626509293813997559e+00
1.554252199413489743e-01 1.629051447713010248e+00
1.583577712609970656e-01 1.631597453447947821e+00
1.612903225806451568e-01 1.634147296141028383e+00
1.642228739002932481e-01 1.636700960936823712e+00
1.671554252199413393e-01 1.639258433002678039e+00
1.700879765395894305e-01 1.641819697529121713e+00
1.730205278592375495e-01 1.644384739730278211e+00
1.759530791788856408e-01 1.646953544844271811e+00
1.788856304985337320e-01 1.649526098133076824e+00
1.818181818181818232e-01 1.652102384884418740e+00
1.847507331378299145e-01 1.654682390411203574e+00
1.876832844574780057e-01 1.657266100051437263e+00
1.906158357771260969e-01 1.659853499169104518e+00
1.935483870967741882e-01 1.662444573154543859e+00
1.964809384164222794e-01 1.665039307424814874e+00
1.994134897360703707e-01 1.667637687424064818e+00
2.023460410557184619e-01 1.670239698623888769e+00
2.052785923753665809e-01 1.672845326523684895e+00
2.082111436950146721e-01 1.675454556651007065e+00
2.111436950146627634e-01 1.678067374561913461e+00
2.140762463343108546e-01 1.680683765841306521e+00
2.170087976539589458e-01 1.683303716102628744e+00
2.199413489736070371e-01 1.685927210990190828e+00
2.228739002932551283e-01 1.688554236177596923e+00
2.258064516129032195e-01 1.691184777368409664e+00
2.287390029325513108e-01 1.693818820296699279e+00
2.316715542521994020e-01 1.696456350727359341e+00
2.346041055718475210e-01 1.699097354456410303e+00
2.375366568914956122e-01 1.701741817311304805e+00
2.404692082111437035e-01 1.704389725151225887e+00
2.434017595307917947e-01 1.707041063867380970e+00
2.463343108504398860e-01 1.709695819383290960e+00
2.492668621700879772e-01 1.712353977655077575e+00
2.521994134897360684e-01 1.715015524671741565e+00
2.551319648093841597e-01 1.717680446455028376e+00
2.580645161290322509e-01 1.720348729060763304e+00
2.609970674486803421e-01 1.723020358578604805e+00
2.639296187683284334e-01 1.725695321131737181e+00
2.668621700879765246e-01 1.728373602877576243e+00
2.697947214076246158e-01 1.731055190008020661e+00
2.727272727272727071e-01 1.733740068749699992e+00
2.756598240469207983e-01 1.736428225364214262e+00
2.785923753665688896e-01 1.739119646148374665e+00
2.815249266862169808e-01 1.741814317434435821e+00
2.844574780058651275e-01 1.744512225590325594e+00
2.873900293255132188e-01 1.747213357019870905e+00
2.903225806451613100e-01 1.749917698163016455e+00
2.932551319648094013e-01 1.752625235496044320e+00
2.961876832844574925e-01 1.755335955531255987e+00
2.991202346041055837e-01 1.758049844818814433e+00
3.020527859237536750e-01 1.760766889945377223e+00
3.049853372434017662e-01 1.763487077534603875e+00
3.079178885630498574e-01 1.766210394247519577e+00
3.108504398826979487e-01 1.768936826782704141e+00
3.137829912023460399e-01 1.771666361876475637e+00
3.167155425219941312e-01 1.774398986303073800e+00
3.196480938416422224e-01 1.777134686874832337e+00
3.225806451612903136e-01 1.779873450442354788e+00
3.255131964809384049e-01 1.782615263894681057e+00
3.284457478005864961e-01 1.785360114159453726e+00
3.313782991202345873e-01 1.788107988203076371e+00
3.343108504398826786e-01 1.790858873030871434e+00
3.372434017595307698e-01 1.793612755686913474e+00
3.401759530791788610e-01 1.796369623254920223e+00
3.431085043988269523e-01 1.799129462858247264e+00
3.460410557184750990e-01 1.801892261659332029e+00
3.489736070381231903e-01 1.804658006860264008e+00
3.519061583577712815e-01 1.807426685702914870e+00
3.548387096774193727e-01 1.810198285469066581e+00
3.577712609970674640e-01 1.812972793480534195e+00
3.607038123167155552e-01 1.815750197099286645e+00
3.636363636363636465e-01 1.818530483727562208e+00
3.665689149560117377e-01 1.821313640807982637e+00
3.695014662756598289e-01 1.824099655823659960e+00
3.724340175953079202e-01 1.826888516298304177e+00
3.753665689149560114e-01 1.829680209796323176e+00
3.782991202346041026e-01 1.832474723922921767e+00
3.812316715542521939e-01 1.835272046324076811e+00
3.841642228739002851e-01 1.838072164686563426e+00
3.870967741935483764e-01 1.840875066739113386e+00
3.900293255131964676e-01 1.843680740250993599e+00
3.929618768328445588e-01 1.846489173032713094e+00
3.958944281524926501e-01 1.849300352936101843e+00
3.988269794721407413e-01 1.852114267854380936e+00
4.017595307917888325e-01 1.854930905722234069e+00
4.046920821114369238e-01 1.857750254515872168e+00
4.076246334310850705e-01 1.860572302253098442e+00
4.105571847507331618e-01 1.863397036993364564e+00
4.134897360703812530e-01 1.866224446837831508e+00
4.164222873900293442e-01 1.869054519929418845e+00
4.193548387096774355e-01 1.871887244452859145e+00
4.222873900293255267e-01 1.874722608634741050e+00
4.252199413489736179e-01 1.877560600743557018e+00
4.281524926686217092e-01 1.880401209089741732e+00
4.310850439882698004e-01 1.883244422025283527e+00
4.340175953079178917e-01 1.886090227945089515e+00
4.369501466275659829e-01 1.888938615285704836e+00
4.398826979472140741e-01 1.891789572525662377e+00
4.428152492668621654e-01 1.894643088185605784e+00
4.457478005865102566e-01 1.897499150828310333e+00
4.486803519061583478e-01 1.900357749058703360e+00
4.516129032258064391e-01 1.903218871523880473e+00
4.545454545454545303e-01 1.906082506913121311e+00
4.574780058651026216e-01 1.908948643957898872e+00
4.604105571847507128e-01 1.911817271431891729e+00
4.633431085043988040e-01 1.914688378150986692e+00
4.662756598240468953e-01 1.917561952973286354e+00
4.692082111436950420e-01 1.920437984799106212e+00
4.721407624633431332e-01 1.923316462570976659e+00
4.750733137829912245e-01 1.926197375273636325e+00
4.780058651026393157e-01 1.929080711934027859e+00
4.809384164222874070e-01 1.931966461621152709e+00
4.838709677419354982e-01 1.934854613446251648e+00
4.868035190615835894e-01 1.937745156563117188e+00
4.897360703812316807e-01 1.940638080167369495e+00
4.926686217008797719e-01 1.943533373496769023e+00
4.956011730205278631e-01 1.946431025831190986e+00
4.985337243401759544e-01 1.949331026492604257e+00
5.014662756598240456e-01 1.952233364845045838e+00
5.043988269794721369e-01 1.955138030294590878e+00
5.073313782991202281e-01 1.958045012289324927e+00
5.102639296187683193e-01 1.960954300319308841e+00
5.131964809384164106e-01 1.963865883916546595e+00
5.161290322580645018e-01 1.966779752654947533e+00
5.190615835777125930e-01 1.969695896150288394e+00
5.219941348973606843e-01 1.972614304060172907e+00
5.249266862170087755e-01 1.975534966083986932e+00
5.278592375366568668e-01 1.978457871962857606e+00
5.307917888563049580e-01 1.981383011479604273e+00
5.337243401759530492e-01 1.984310374458689630e+00
5.366568914956011405e-01 1.987239950766050978e+00
5.395894428152492317e-01 1.990171730309331810e+00
5.425219941348973229e-01 1.993105703037745258e+00
5.454545454545454142e-01 1.996041858941800751e+00
5.483870967741935054e-01 1.998980188053382401e+00
5.513196480938415966e-01 2.001920680445692380e+00
5.542521994134896879e-01 2.004863326233186971e+00
5.571847507331377791e-01 2.007808115571515728e+00
5.601173020527858704e-01 2.010755038657455973e+00
5.630498533724339616e-01 2.013704085728845516e+00
5.659824046920821639e-01 2.016655247064517376e+00
5.689149560117302551e-01 2.019608512984226056e+00
5.718475073313783463e-01 2.022563873848582716e+00
5.747800586510264376e-01 2.025521320058975672e+00
5.777126099706745288e-01 2.028480842057503342e+00
5.806451612903226200e-01 2.031442430326891646e+00
5.835777126099707113e-01 2.034406075390423840e+00
5.865102639296188025e-01 2.037371767811857914e+00
5.894428152492668938e-01 2.040339498195347545e+00
5.923753665689149850e-01 2.043309257185362604e+00
5.953079178885630762e-01 2.046281035466597231e+00
5.982404692082111675e-01 2.049254823763890343e+00
6.011730205278592587e-01 2.052230612842187440e+00
6.041055718475073499e-01 2.055208393506379849e+00
6.070381231671554412e-01 2.058188156601248764e+00
6.099706744868035324e-01 2.061169893011377319e+00
6.129032258064516236e-01 2.064153593661060881e+00
6.158357771260997149e-01 2.067139249514215127e+00
6.187683284457478061e-01 2.070126851574284110e+00
6.217008797653958974e-01 2.073116390884147009e+00
6.246334310850439886e-01 2.076107858526023087e+00
6.275659824046920798e-01 2.079101245621376215e+00
6.304985337243401711e-01 2.082096543330818950e+00
6.334310850439882623e-01 2.085093742854013055e+00
6.363636363636363535e-01 2.088092835429572247e+00
6.392961876832844448e-01 2.091093812334962720e+00
6.422287390029325360e-01 2.094096664886400561e+00
6.451612903225806273e-01 2.097101384438753158e+00
6.480938416422287185e-01 2.100107962385433513e+00
6.510263929618768097e-01 2.103116390158298987e+00
6.539589442815249010e-01 2.106126659227546494e+00
6.568914956011729922e-01 2.109138761101605919e+00
6.598240469208210834e-01 2.112152687327098821e+00
6.627565982404691747e-01 2.115168429488670565e+00
6.656891495601172659e-01 2.118185979208653258e+00
6.686217008797653572e-01 2.121205328147350411e+00
6.715542521994134484e-01 2.124226468002762935e+00
6.744868035190615396e-01 2.127249390510476346e+00
6.774193548387096309e-01 2.130274087443550179e+00
6.803519061583577221e-01 2.133300550612410529e+00
6.832844574780058133e-01 2.136328771864733689e+00
6.862170087976539046e-01 2.139358743085333803e+00
6.891495601173021068e-01 2.142390456196054505e+00
6.920821114369501981e-01 2.145423903155647238e+00
6.950146627565982893e-01 2.148459075959664233e+00
6.979472140762463805e-01 2.151495966640338153e+00
7.008797653958944718e-01 2.154534567266470191e+00
7.038123167155425630e-01 2.157574869943311491e+00
7.067448680351906543e-01 2.160616866812444581e+00
7.096774193548387455e-01 2.163660550051673237e+00
7.126099706744868367e-01 2.166705911874895474e+00
7.155425219941349280e-01 2.169752944531991190e+00
7.184750733137830192e-01 2.172801640308702709e+00
7.214076246334311104e-01 2.175851991526514873e+00
7.243401759530792017e-01 2.178903990542532476e+00
7.272727272727272929e-01 2.181957629749367467e+00
7.302052785923753842e-01 2.185012901575266842e+00
7.331378299120234754e-01 2.188069798483388784e+00
7.360703812316715666e-01 2.191128312971889702e+00
7.390029325513196579e-01 2.194188437574192463e+00
7.419354838709677491e-01 2.197250164858616461e+00
7.448680351906158403e-01 2.200313487428251058e+00
7.478005865102639316e-01 2.203378397920837006e+00
7.507331378299120228e-01 2.206444889008643884e+00
7.536656891495601140e-01 2.209512953398344415e+00
7.565982404692082053e-01 2.212582583830892791e+00
7.595307917888562965e-01 2.215653773081398992e+00
7.624633431085043878e-01 2.218726513959008440e+00
7.653958944281524790e-01 2.221800799306775431e+00
7.683284457478005702e-01 2.224876622001537019e+00
7.712609970674486615e-01 2.227953974953792216e+00
7.741935483870967527e-01 2.231032851107574988e+00
7.771260997067448439e-01 2.234113243440329466e+00
7.800586510263929352e-01 2.237195144962784266e+00
7.829912023460410264e-01 2.240278548718829477e+00
7.859237536656891177e-01 2.243363447785388765e+00
7.888563049853372089e-01 2.246449835272293249e+00
7.917888563049853001e-01 2.249537704322158049e+00
7.947214076246333914e-01 2.252627048110255714e+00
7.976539589442814826e-01 2.255717859844388329e+00
8.005865102639295738e-01 2.258810132764763168e+00
8.035190615835776651e-01 2.261903860143868794e+00
8.064516129032257563e-01 2.264999035286861861e+00
8.093841642228738475e-01 2.268095651530020795e+00
8.123167155425219388e-01 2.271193702241666390e+00
8.152492668621701410e-01 2.274293180822155147e+00
8.181818181818182323e-01 2.277394080703483592e+00
8.211143695014663235e-01 2.280496395349170147e+00
8.240469208211144148e-01 2.283600118254125011e+00
8.269794721407625060e-01 2.286705242944525374e+00
8.299120234604105972e-01 2.289811762977685738e+00
8.328445747800586885e-01 2.292919671941935800e+00
8.357771260997067797e-01 2.296028963456492544e+00
8.387096774193548709e-01 2.299139631171332354e+00
8.416422287390029622e-01 2.302251668767067549e+00
8.445747800586510534e-01 2.305365069954817603e+00
8.475073313782991447e-01 2.308479828476084794e+00
8.504398826979472359e-01 2.311595938102628978e+00
8.533724340175953271e-01 2.314713392636337019e+00
8.563049853372434184e-01 2.317832185909103337e+00
8.592375366568915096e-01 2.320952311782698452e+00
8.621700879765396008e-01 2.324073764148648191e+00
8.651026392961876921e-01 2.327196536928101356e+00
8.680351906158357833e-01 2.330320624071712476e+00
8.709677419354838745e-01 2.333446019559509477e+00
8.739002932551319658e-01 2.336572717400773769e+00
8.768328445747800570e-01 2.339700711633910135e+00
8.797653958944281483e-01 2.342829996326326381e+00
8.826979472140762395e-01 2.345960565574304102e+00
8.856304985337243307e-01 2.349092413502878784e+00
8.885630498533724220e-01 2.352225534266201734e+00
8.914956011730205132e-01 2.355359922046377896e+00
8.944281524926686044e-01 2.358495571053373041e+00
8.973607038123166957e-01 2.361632475526001862e+00
9.002932551319647869e-01 2.364770629731207219e+00
9.032258064516128782e-01 2.367910027963939790e+00
9.061583577712609694e-01 2.371050664547028397e+00
9.090909090909090606e-01 2.374192533831063656e+00
9.120234604105571519e-01 2.377335630194270966e+00
9.149560117302052431e-01 2.380479948042388827e+00
9.178885630498533343e-01 2.383625481808547164e+00
9.208211143695014256e-01 2.386772225953145643e+00
9.237536656891495168e-01 2.389920174963727995e+00
9.266862170087976081e-01 2.393069323354865663e+00
9.296187683284456993e-01 2.396219665668033461e+00
9.325513196480937905e-01 2.399371196471488332e+00
9.354838709677418818e-01 2.402523910360147674e+00
9.384164222873900840e-01 2.405677801955471651e+00
9.413489736070381753e-01 2.408832865905338405e+00
9.442815249266862665e-01 2.411989096883928596e+00
9.472140762463343577e-01 2.415146489591602830e+00
9.501466275659824490e-01 2.418305038754779979e+00
9.530791788856305402e-01 2.421464739125822607e+00
9.560117302052786314e-01 2.424625585482914403e+00
9.589442815249267227e-01 2.427787572629943380e+00
9.618768328445748139e-01 2.430950695396380645e+00
9.648093841642229052e-01 2.434114948637165821e+00
9.677419354838709964e-01 2.437280327232586252e+00
9.706744868035190876e-01 2.440446826088160659e+00
9.736070381231671789e-01 2.443614440134522336e+00
9.765395894428152701e-01 2.446783164327299698e+00
9.794721407624633613e-01 2.449952993647682487e+00
9.824046920821114526e-01 2.453123923100694270e+00
9.853372434017595438e-01 2.456295947715668060e+00
9.882697947214076351e-01 2.459469062547074980e+00
9.912023460410557263e-01 2.462643262673804401e+00
9.941348973607038175e-01 2.465818543199041368e+00
9.970674486803519088e-01 2.468994899250159580e+00
1.000000000000000000e+00 2.472172325978602814e+00
1.002932551319648091e+00 2.475350818559771238e+00
1.005865102639296182e+00 2.478530372192908615e+00
1.008797653958944274e+00 2.481710982100990392e+00
1.011730205278592365e+00 2.484892643530606904e+00
1.014662756598240456e+00 2.488075351751855457e+00
1.017595307917888547e+00 2.491259102058224428e+00
1.020527859237536639e+00 2.494443889766483125e+00
1.023460410557184730e+00 2.497629710216570764e+00
1.026392961876832821e+00 2.500816558771483233e+00
1.029325513196480912e+00 2.504004430817165172e+00
1.032258064516129004e+00 2.507193321762396288e+00
1.035190615835777095e+00 2.510383227038685217e+00
1.038123167155425186e+00 2.513574142100154507e+00
1.041055718475073277e+00 2.516766062423436257e+00
1.043988269794721369e+00 2.519958983507561534e+00
1.046920821114369460e+00 2.523152900873850246e+00
1.049853372434017551e+00 2.526347810065804556e+00
1.052785923753665642e+00 2.529543706648999635e+00
1.055718475073313734e+00 2.532740586210978417e+00
1.058651026392961825e+00 2.535938444361142352e+00
1.061583577712609916e+00 2.539137276730645265e+00
1.064516129032258007e+00 2.542337078972286779e+00
1.067448680351906098e+00 2.545537846760407064e+00
1.070381231671554190e+00 2.548739575790780698e+00
1.073313782991202281e+00 2.551942261780511867e+00
1.076246334310850372e+00 2.555145900467928666e+00
1.079178885630498463e+00 2.558350487613140434e+00
1.082111436950146555e+00 2.561556018996491879e+00
1.085043988269794646e+00 2.564762490418659002e+00
1.087976539589442737e+00 2.567969897701844584e+00
1.090909090909090828e+00 2.571178236688955288e+00
1.093841642228738920e+00 2.574387503243499964e+00
1.096774193548387011e+00 2.577597693249487509e+00
1.099706744868035102e+00 2.580808802611324726e+00
1.102639296187683193e+00 2.584020827253715957e+00
1.105571847507331285e+00 2.587233763121560060e+00
1.108504398826979376e+00 2.590447606179855367e+00
1.111436950146627467e+00 2.593662352413590888e+00
1.114369501466275558e+00 2.596877997827654827e+00
1.117302052785923649e+00 2.600094538446730219e+00
1.120234604105571741e+00 2.603311970315199897e+00
1.123167155425219832e+00 2.606530289497044350e+00
1.126099706744867923e+00 2.609749492075744470e+00
1.129032258064516236e+00 2.612969574154185626e+00
1.131964809384164328e+00 2.616190531854558632e+00
1.134897360703812419e+00 2.619412361318263827e+00
1.137829912023460510e+00 2.622635058705813815e+00
1.140762463343108601e+00 2.625858620196737547e+00
1.143695014662756693e+00 2.629083041989484393e+00
1.146627565982404784e+00 2.632308320301329552e+00
1.149560117302052875e+00 2.635534451368277686e+00
1.152492668621700966e+00 2.638761431444970551e+00
1.155425219941349058e+00 2.641989256804588848e+00
1.158357771260997149e+00 2.645217923738764743e+00
1.161290322580645240e+00 2.648447428557482386e+00
1.164222873900293331e+00 2.651677767588987322e+00
1.167155425219941423e+00 2.654908937179695005e+00
1.170087976539589514e+00 2.658140933694097097e+00
1.173020527859237605e+00 2.661373753514670426e+00
1.175953079178885696e+00 2.664607393041785066e+00
1.178885630498533788e+00 2.667841848693613294e+00
1.181818181818181879e+00 2.671077116906040327e+00
1.184750733137829970e+00 2.674313194132571514e+00
1.187683284457478061e+00 2.677550076844245730e+00
1.190615835777126152e+00 2.680787761530499136e+00
1.193548387096774244e+00 2.684026244696284813e+00
1.196480938416422335e+00 2.687265522864501488e+00
1.199413489736070426e+00 2.690505592575437088e+00
1.202346041055718517e+00 2.693746450386468094e+00
1.205278592375366609e+00 2.696988092871969389e+00
1.208211143695014700e+00 2.700230516623231214e+00
1.211143695014662791e+00 2.703473718248369018e+00
1.214076246334310882e+00 2.706717694372238636e+00
1.217008797653958974e+00 2.709962441636351027e+00
1.219941348973607065e+00 2.713207956698786116e+00
1.222873900293255156e+00 2.716454236234108421e+00
1.225806451612903247e+00 2.719701276933280898e+00
1.228739002932551339e+00 2.722949075503581895e+00
1.231671554252199430e+00 2.726197628668521666e+00
1.234604105571847521e+00 2.729446933167758438e+00
1.237536656891495612e+00 2.732696985757012698e+00
1.240469208211143703e+00 2.735947783207989925e+00
1.243401759530791795e+00 2.739199322308293105e+00
1.246334310850439886e+00 2.742451599861342348e+00
1.249266862170087977e+00 2.745704612686295842e+00
1.252199413489736068e+00 2.748958357617965476e+00
1.255131964809384160e+00 2.752212831506735569e+00
1.258064516129032251e+00 2.755468031218486047e+00
1.260997067448680342e+00 2.758723953634507620e+00
1.263929618768328433e+00 2.761980595651428061e+00
1.266862170087976525e+00 2.765237954181126945e+00
1.269794721407624616e+00 2.768496026150659706e+00
1.272727272727272707e+00 2.771754808502178147e+00
1.275659824046920798e+00 2.775014298192854056e+00
1.278592375366568890e+00 2.778274492194798384e+00
1.281524926686216981e+00 2.781535387494987077e+00
1.284457478005865072e+00 2.784796981095180701e+00
1.287390029325513163e+00 2.788059270011850277e+00
1.290322580645161255e+00 2.791322251276099120e+00
1.293255131964809346e+00 2.794585921933588235e+00
1.296187683284457437e+00 2.797850279040035471e+00
1.299120234604105528e+00 2.801115319679920113e+00
1.302052785923753619e+00 2.804381040936505975e+00
1.304985337243401711e+00 2.807647439912940079e+00
1.307917888563049802e+00 2.810914513726552766e+00
1.310850439882697893e+00 2.814182259508780426e+00
1.313782991202345984e+00 2.817450674405096223e+00
1.316715542521994076e+00 2.820719755574933707e+00
1.319648093841642167e+00 2.823989500191617541e+00
1.322580645161290258e+00 2.827259905442288002e+00
1.325513196480938349e+00 2.830530968527830371e+00
1.328445747800586441e+00 2.833802686662803882e+00
1.331378299120234532e+00 2.837075057075368889e+00
1.334310850439882623e+00 2.840348077007217586e+00
1.337243401759530714e+00 2.843621743713503847e+00
1.340175953079178806e+00 2.846896054462769943e+00
1.343108504398826897e+00 2.850171006536880824e+00
1.346041055718474988e+00 2.853446597230949955e+00
1.348973607038123079e+00 2.856722823853276250e+00
1.351906158357771170e+00 2.859999683725267694e+00
1.354838709677419262e+00 2.863277174181380502e+00
1.357771260997067353e+00 2.866555292569046287e+00
1.360703812316715444e+00 2.869834036248604558e+00
1.363636363636363535e+00 2.873113402593236998e+00
1.366568914956011627e+00 2.876393388988898625e+00
1.369501466275659718e+00 2.879673992834254292e+00
1.372434017595307809e+00 2.882955211540607632e+00
1.375366568914955900e+00 2.886237042531837105e+00
1.378299120234604214e+00 2.889519483244333387e+00
1.381231671554252305e+00 2.892802531126926979e+00
1.384164222873900396e+00 2.896086183640829592e+00
1.387096774193548487e+00 2.899370438259566640e+00
1.390029325513196579e+00 2.902655292468913295e+00
1.392961876832844670e+00 2.905940743766829648e+00
1.395894428152492761e+00 2.909226789663396762e+00
1.398826979472140852e+00 2.912513427680756273e+00
1.401759530791788944e+00 2.915800655353042892e+00
1.404692082111437035e+00 2.919088470226324450e+00
1.407624633431085126e+00 2.922376869858538839e+00
1.410557184750733217e+00 2.925665851819432728e+00
1.413489736070381309e+00 2.928955413690495835e+00
1.416422287390029400e+00 2.932245553064905863e+00
1.419354838709677491e+00 2.935536267547459666e+00
1.422287390029325582e+00 2.938827554754521731e+00
1.425219941348973673e+00 2.942119412313953575e+00
1.428152492668621765e+00 2.945411837865060889e+00
1.431085043988269856e+00 2.948704829058530485e+00
1.434017595307917947e+00 2.951998383556371230e+00
1.436950146627566038e+00 2.955292499031853648e+00
1.439882697947214130e+00 2.958587173169454410e+00
1.442815249266862221e+00 2.961882403664793273e+00
1.445747800586510312e+00 2.965178188224576683e+00
1.448680351906158403e+00 2.968474524566513395e+00
1.451612903225806495e+00 2.971771410418686976e+00
1.454545454545454586e+00 2.975068843521420536e+00
1.457478005865102677e+00 2.978366821625186844e+00
1.460410557184750768e+00 2.981665342491258919e+00
1.463343108504398860e+00 2.984964403891650520e+00
1.466275659824046951e+00 2.988264003609063302e+00
1.469208211143695042e+00 2.991564139436828196e+00
1.472140762463343133e+00 2.994864809178853449e+00
1.475073313782991224e+00 2.998166010649564672e+00
1.478005865102639316e+00 3.001467741673851553e+00
1.480938416422287407e+00 3.004770000087015003e+00
1.483870967741935498e+00 3.008072783734711209e+00
1.486803519061583589e+00 3.011376090472895228e+00
1.489736070381231681e+00 3.014679918167769479e+00
1.492668621700879772e+00 3.017984264695731333e+00
1.495601173020527863e+00 3.021289127943317165e+00
1.498533724340175954e+00 3.024594505807147282e+00
1.501466275659824046e+00 3.027900396193881516e+00
1.504398826979472137e+00 3.031206797020155275e+00
1.507331378299120228e+00 3.034513706212536910e+00
1.510263929618768319e+00 3.037821121707471317e+00
1.513196480938416411e+00 3.041129041451227089e+00
1.516129032258064502e+00 3.044437463399848554e+00
1.519061583577712593e+00 3.047746385519102041e+00
1.521994134897360684e+00 3.051055805784427033e+00
1.524926686217008776e+00 3.054365722180882869e+00
1.527859237536656867e+00 3.057676132703102123e+00
1.530791788856304958e+00 3.060987035355235086e+00
1.533724340175953049e+00 3.064298428150906251e+00
1.536656891495601140e+00 3.067610309113159683e+00
1.539589442815249232e+00 3.070922676274414620e+00
1.542521994134897323e+00 3.074235527676409951e+00
1.545454545454545414e+00 3.077548861370162037e+00
1.548387096774193505e+00 3.080862675415912744e+00
1.551319648093841597e+00 3.084176967883081044e+00
1.554252199413489688e+00 3.087491736850216384e+00
1.557184750733137779e+00 3.090806980404951165e+00
1.560117302052785870e+00 3.094122696643952342e+00
1.563049853372433962e+00 3.097438883672873011e+00
1.565982404692082053e+00 3.100755539606309785e+00
1.568914956011730144e+00 3.104072662567750829e+00
1.571847507331378235e+00 3.107390250689532785e+00
1.574780058651026327e+00 3.110708302112794144e+00
1.577712609970674418e+00 3.114026814987428171e+00
1.580645161290322509e+00 3.117345787472038499e+00
1.583577712609970600e+00 3.120665217733892938e+00
1.586510263929618691e+00 3.123985103948877295e+00
1.589442815249266783e+00 3.127305444301454518e+00
1.592375366568914874e+00 3.130626236984613620e+00
1.595307917888562965e+00 3.133947480199831492e+00
1.598240469208211056e+00 3.137269172157024499e+00
1.601173020527859148e+00 3.140591311074504510e+00
1.604105571847507239e+00 3.143913895178939821e+00
1.607038123167155330e+00 3.147236922705303641e+00
1.609970674486803421e+00 3.150560391895770529e+00
1.612903225806451513e+00 3.153884301002979118e+00
1.615835777126099604e+00 3.157208648286565555e+00
1.618768328445747695e+00 3.160533432014306143e+00
1.621700879765395786e+00 3.163858650462073374e+00
1.624633431085043878e+00 3.167184301913795075e+00
1.627565982404692191e+00 3.170510384661409553e+00
1.630498533724340282e+00 3.173836897004823854e+00
1.633431085043988373e+00 3.177163837251876011e+00
1.636363636363636465e+00 3.180491203718292414e+00
1.639296187683284556e+00 3.183818994727645180e+00
1.642228739002932647e+00 3.187147208611310845e+00
1.645161290322580738e+00 3.190475843708432624e+00
1.648093841642228830e+00 3.193804898365879552e+00
1.651026392961876921e+00 3.197134370938204295e+00
1.653958944281525012e+00 3.200464259787604959e+00
1.656891495601173103e+00 3.203794563283884234e+00
1.659824046920821194e+00 3.207125279804413420e+00
1.662756598240469286e+00 3.210456407734086248e+00
1.665689149560117377e+00 3.213787945465287343e+00
1.668621700879765468e+00 3.217119891397848708e+00
1.671554252199413559e+00 3.220452243939012416e+00
1.674486803519061651e+00 3.223785001503393310e+00
1.677419354838709742e+00 3.227118162512939481e+00
1.680351906158357833e+00 3.230451725396893625e+00
1.683284457478005924e+00 3.233785688591758856e+00
1.686217008797654016e+00 3.237120050541254290e+00
1.689149560117302107e+00 3.240454809696286631e+00
1.692082111436950198e+00 3.243789964514906643e+00
1.695014662756598289e+00 3.247125513462271851e+00
1.697947214076246381e+00 3.250461455010616341e+00
1.700879765395894472e+00 3.253797787639204131e+00
1.703812316715542563e+00 3.257134509834303859e+00
1.706744868035190654e+00 3.260471620089144817e+00
1.709677419354838745e+00 3.263809116903882757e+00
1.712609970674486837e+00 3.267146998785566137e+00
1.715542521994134928e+00 3.270485264248098378e+00
1.718475073313783019e+00 3.273823911812203669e+00
1.721407624633431110e+00 3.277162940005392766e+00
1.724340175953079202e+00 3.280502347361924365e+00
1.727272727272727293e+00 3.283842132422775784e+00
1.730205278592375384e+00 3.287182293735601668e+00
1.733137829912023475e+00 3.290522829854706011e+00
1.736070381231671567e+00 3.293863739341004404e+00
1.739002932551319658e+00 3.297205020761990735e+00
1.741935483870967749e+00 3.300546672691703431e+00
1.744868035190615840e+00 3.303888693710691715e+00
1.747800586510263932e+00 3.307231082405982292e+00
1.750733137829912023e+00 3.310573837371046046e+00
1.753665689149560114e+00 3.313916957205629732e+00
1.756598240469208205e+00 3.317260440515038322e+00
1.759530791788856297e+00 3.320604285913086429e+00
1.762463343108504388e+00 3.323948492018682810e+00
1.765395894428152479e+00 3.327293057457015202e+00
1.768328445747800570e+00 3.330637980859524561e+00
1.771260997067448661e+00 3.333983260863864206e+00
1.774193548387096753e+00 3.337328896113874066e+00
1.777126099706744844e+00 3.340674885259547366e+00
1.780058651026392935e+00 3.344021226956999548e+00
1.782991202346041026e+00 3.347367919868434960e+00
1.785923753665689118e+00 3.350714962662117546e+00
1.788856304985337209e+00 3.354062354012339764e+00
1.791788856304985300e+00 3.357410092599391493e+00
1.794721407624633391e+00 3.360758177109528511e+00
1.797653958944281483e+00 3.364106606234943175e+00
1.800586510263929574e+00 3.367455378673733790e+00
1.803519061583577665e+00 3.370804493129873070e+00
1.806451612903225756e+00 3.374153948313181495e+00
1.809384164222873848e+00 3.377503742939292231e+00
1.812316715542521939e+00 3.380853875729629365e+00
1.815249266862170030e+00 3.384204345411367498e+00
1.818181818181818121e+00 3.387555150717413532e+00
1.821114369501466212e+00 3.390906290386369815e+00
1.824046920821114304e+00 3.394257763162508379e+00
1.826979472140762395e+00 3.397609567795741192e+00
1.829912023460410486e+00 3.400961703041592177e+00
1.832844574780058577e+00 3.404314167661168788e+00
1.835777126099706669e+00 3.407666960421130486e+00
1.838709677419354760e+00 3.411020080093666085e+00
1.841642228739002851e+00 3.414373525456460445e+00
1.844574780058650942e+00 3.417727295292669609e+00
1.847507331378299034e+00 3.421081388390891931e+00
1.850439882697947125e+00 3.424435803545140544e+00
1.853372434017595216e+00 3.427790539554817162e+00
1.856304985337243307e+00 3.431145595224681433e+00
1.859237536656891399e+00 3.434500969364827405e+00
1.862170087976539490e+00 3.437856660790654217e+00
1.865102639296187581e+00 3.441212668322841672e+00
1.868035190615835672e+00 3.444568990787320040e+00
1.870967741935483764e+00 3.447925627015247407e+00
1.873900293255131855e+00 3.451282575842977707e+00
1.876832844574780168e+00 3.454639836112042062e+00
1.879765395894428259e+00 3.457997406669115037e+00
1.882697947214076351e+00 3.461355286365993766e+00
1.885630498533724442e+00 3.464713474059570419e+00
1.888563049853372533e+00 3.468071968611806444e+00
1.891495601173020624e+00 3.471430768889706808e+00
1.894428152492668715e+00 3.474789873765295134e+00
1.897360703812316807e+00 3.478149282115587049e+00
1.900293255131964898e+00 3.481508992821473303e+00
1.903225806451612989e+00 3.484869004770822176e+00
1.906158357771261080e+00 3.488229316855754991e+00
1.909090909090909172e+00 3.491589927972998719e+00
1.912023460410557263e+00 3.494950837024151991e+00
1.914956011730205354e+00 3.498312042915656672e+00
1.917888563049853445e+00 3.501673544558775220e+00
1.920821114369501537e+00 3.505035340869567584e+00
1.923753665689149628e+00 3.508397430768864123e+00
1.926686217008797719e+00 3.511759813182242951e+00
1.929618768328445810e+00 3.515122487040010846e+00
1.932551319648093902e+00 3.518485451277168163e+00
1.935483870967741993e+00 3.521848704833397736e+00
1.938416422287390084e+00 3.525212246653035120e+00
1.941348973607038175e+00 3.528576075685043723e+00
1.944281524926686266e+00 3.531940190882995267e+00
1.947214076246334358e+00 3.535304591205045810e+00
1.950146627565982449e+00 3.538669275613912646e+00
1.953079178885630540e+00 3.542034243076852107e+00
1.956011730205278631e+00 3.545399492565632471e+00
1.958944281524926723e+00 3.548765023056519752e+00
1.961876832844574814e+00 3.552130833530246168e+00
1.964809384164222905e+00 3.555496922971996376e+00
1.967741935483870996e+00 3.558863290371376831e+00
1.970674486803519088e+00 3.562229934722401570e+00
1.973607038123167179e+00 3.565596855023464240e+00
1.976539589442815270e+00 3.568964050277320776e+00
1.979472140762463361e+00 3.572331519491062313e+00
1.982404692082111453e+00 3.575699261676100971e+00
1.985337243401759544e+00 3.579067275848140994e+00
1.988269794721407635e+00 3.582435561027163207e+00
1.991202346041055726e+00 3.585804116237398365e+00
1.994134897360703818e+00 3.589172940507311171e+00
1.997067448680351909e+00 3.592542032869577184e+00
2.000000000000000000e+00 3.595911392361059722e+00
2.002932551319648091e+00 3.599281018022792544e+00
2.005865102639296182e+00 3.602650908899957649e+00
2.008797653958944274e+00 3.606021064041864843e+00
2.011730205278592365e+00 3.609391482501929982e+00
2.014662756598240456e+00 3.612762163337658539e+00
2.017595307917888547e+00 3.616133105610619847e+00
2.020527859237536639e+00 3.619504308386432001e+00
2.023460410557184730e+00 3.622875770734738765e+00
2.026392961876832821e+00 3.626247491729190475e+00
2.029325513196480912e+00 3.629619470447425833e+00
2.032258064516129004e+00 3.632991705971049257e+00
2.035190615835777095e+00 3.636364197385614005e+00
2.038123167155425186e+00 3.639736943780600420e+00
2.041055718475073277e+00 3.643109944249399046e+00
2.043988269794721369e+00 3.646483197889285321e+00
2.046920821114369460e+00 3.649856703799976287e+00
2.049853372434017551e+00 3.653230461088049275e+00
2.052785923753665642e+00 3.656604468862326041e+00
2.055718475073313734e+00 3.659978726235445734e+00
2.058651026392961825e+00 3.663353232323840025e+00
2.061583577712609916e+00 3.666727986247721116e+00
2.064516129032258007e+00 3.670102987131055983e+00
2.067448680351906098e+00 3.673478234101554829e+00
2.070381231671554190e+00 3.676853726290645774e+00
2.073313782991202281e+00 3.680229462833464638e+00
2.076246334310850372e+00 3.683605442868828739e+00
2.079178885630498463e+00 3.686981665539224906e+00
2.082111436950146555e+00 3.690358129990785496e+00
2.085043988269794646e+00 3.693734835373279068e+00
2.087976539589442737e+00 3.697111780840084627e+00
2.090909090909090828e+00 3.700488965548176967e+00
2.093841642228738920e+00 3.703866388658111131e+00
2.096774193548387011e+00 3.707244049333999758e+00
2.099706744868035102e+00 3.710621946743501987e+00
2.102639296187683193e+00 3.714000080057800801e+00
2.105571847507331285e+00 3.717378448451589268e+00
2.108504398826979376e+00 3.720757051103052770e+00
2.111436950146627467e+00 3.724135887193848138e+00
2.114369501466275558e+00 3.727514955909095651e+00
2.117302052785923649e+00 3.730894256437351952e+00
2.120234604105571741e+00 3.734273787970598057e+00
2.123167155425219832e+00 3.737653549704225142e+00
2.126099706744867923e+00 3.741033540837015003e+00
2.129032258064516014e+00 3.744413760571121852e+00
2.131964809384164106e+00 3.747794208112059877e+00
2.134897360703812197e+00 3.751174882668685484e+00
2.137829912023460288e+00 3.754555783453179085e+00
2.140762463343108379e+00 3.757936909681031334e+00
2.143695014662756471e+00 3.761318260571028027e+00
2.146627565982404562e+00 3.764699835345230561e+00
2.149560117302052653e+00 3.768081633228962168e+00
2.152492668621700744e+00 3.771463653450793707e+00
2.155425219941348836e+00 3.774845895242525007e+00
2.158357771260996927e+00 3.778228357839170215e+00
2.161290322580645018e+00 3.781611040478944030e+00
2.164222873900293109e+00 3.784993942403243938e+00
2.167155425219941201e+00 3.788377062856635558e+00
2.170087976539589292e+00 3.791760401086837984e+00
2.173020527859237383e+00 3.795143956344708691e+00
2.175953079178885474e+00 3.798527727884227989e+00
2.178885630498533565e+00 3.801911714962481259e+00
2.181818181818181657e+00 3.805295916839652293e+00
2.184750733137829748e+00 3.808680332778996203e+00
2.187683284457477839e+00 3.812064962046837202e+00
2.190615835777125930e+00 3.815449803912543736e+00
2.193548387096774022e+00 3.818834857648260250e+00
2.196480938416422113e+00 3.822220122528437347e+00
2.199413489736070204e+00 3.825605597832873794e+00
2.202346041055718295e+00 3.828991282842979071e+00
2.205278592375366387e+00 3.832377176843137168e+00
2.208211143695014478e+00 3.835763279120694147e+00
2.211143695014662569e+00 3.839149588965945270e+00
2.214076246334310660e+00 3.842536105672121227e+00
2.217008797653958752e+00 3.845922828535370375e+00
2.219941348973606843e+00 3.849309756854747189e+00
2.222873900293254934e+00 3.852696889932201607e+00
2.225806451612903025e+00 3.856084227072560822e+00
2.228739002932551116e+00 3.859471767583513735e+00
2.231671554252199208e+00 3.862859510775603855e+00
2.234604105571847299e+00 3.866247455962209756e+00
2.237536656891495390e+00 3.869635602459537083e+00
2.240469208211143481e+00 3.873023949586598569e+00
2.243401759530791573e+00 3.876412496665205598e+00
2.246334310850439664e+00 3.879801243019952661e+00
2.249266862170087755e+00 3.883190187978206698e+00
2.252199413489735846e+00 3.886579330870090665e+00
2.255131964809384382e+00 3.889968671028471547e+00
2.258064516129032473e+00 3.893358207788946146e+00
2.260997067448680564e+00 3.896747940489833528e+00
2.263929618768328655e+00 3.900137868472154601e+00
2.266862170087976747e+00 3.903527991079625004e+00
2.269794721407624838e+00 3.906918307658638678e+00
2.272727272727272929e+00 3.910308817558258099e+00
2.275659824046921020e+00 3.913699520130199616e+00
2.278592375366569112e+00 3.917090414728820580e+00
2.281524926686217203e+00 3.920481500711110900e+00
2.284457478005865294e+00 3.923872777436674397e+00
2.287390029325513385e+00 3.927264244267720361e+00
2.290322580645161477e+00 3.930655900569051564e+00
2.293255131964809568e+00 3.934047745708049604e+00
2.296187683284457659e+00 3.937439779054665578e+00
2.299120234604105750e+00 3.940831999981406319e+00
2.302052785923753842e+00 3.944224407863321513e+00
2.304985337243401933e+00 3.947617002077992154e+00
2.307917888563050024e+00 3.951009782005524329e+00
2.310850439882698115e+00 3.954402747028524345e+00
2.313782991202346206e+00 3.957795896532101843e+00
2.316715542521994298e+00 3.961189229903848474e+00
2.319648093841642389e+00 3.964582746533828583e+00
2.322580645161290480e+00 3.967976445814569431e+00
2.325513196480938571e+00 3.971370327141045653e+00
2.328445747800586663e+00 3.974764389910674378e+00
2.331378299120234754e+00 3.978158633523297016e+00
2.334310850439882845e+00 3.981553057381169936e+00
2.337243401759530936e+00 3.984947660888956467e+00
2.340175953079179028e+00 3.988342443453712693e+00
2.343108504398827119e+00 3.991737404484875018e+00
2.346041055718475210e+00 3.995132543394251279e+00
2.348973607038123301e+00 3.998527859594519729e+00
2.351906158357771393e+00 4.001923352503736098e+00
2.354838709677419484e+00 4.005319021540840296e+00
2.357771260997067575e+00 4.008714866127005116e+00
2.360703812316715666e+00 4.012110885685720163e+00
2.363636363636363757e+00 4.015507079642780752e+00
2.366568914956011849e+00 4.018903447426275477e+00
2.369501466275659940e+00 4.022299988466581766e+00
2.372434017595308031e+00 4.025696702196347232e+00
2.375366568914956122e+00 4.029093588050485231e+00
2.378299120234604214e+00 4.032490645466161538e+00
2.381231671554252305e+00 4.035887873882781918e+00
2.384164222873900396e+00 4.039285272741988564e+00
2.387096774193548487e+00 4.042682841487644119e+00
2.390029325513196579e+00 4.046080579565820123e+00
2.392961876832844670e+00 4.049478486424791690e+00
2.395894428152492761e+00 4.052876561515025067e+00
2.398826979472140852e+00 4.056274804289166092e+00
2.401759530791788944e+00 4.059673214202031311e+00
2.404692082111437035e+00 4.063071790710599096e+00
2.407624633431085126e+00 4.066470533274000765e+00
2.410557184750733217e+00 4.069869441353501927e+00
2.413489736070381309e+00 4.073268514412506036e+00
2.416422287390029400e+00 4.076667751916535742e+00
2.419354838709677491e+00 4.080067153333222230e+00
2.422287390029325582e+00 4.083466718132300777e+00
2.425219941348973673e+00 4.086866445785600988e+00
2.428152492668621765e+00 4.090266335767029027e+00
2.431085043988269856e+00 4.093666387552568509e+00
2.434017595307917947e+00 4.097066600620267174e+00
2.436950146627566038e+00 4.100466974450222679e+00
2.439882697947214130e+00 4.103867508524579044e+00
2.442815249266862221e+00 4.107268202327515105e+00
2.445747800586510312e+00 4.110669055345237410e+00
2.448680351906158403e+00 4.114070067065965119e+00
2.451612903225806495e+00 4.117471236979930005e+00
2.454545454545454586e+00 4.120872564579355135e+00
2.457478005865102677e+00 4.124274049358458427e+00
2.460410557184750768e+00 4.127675690813433995e+00
2.463343108504398860e+00 4.131077488442449486e+00
2.466275659824046951e+00 4.134479441745631867e+00
2.469208211143695042e+00 4.137881550225063876e+00
2.472140762463343133e+00 4.141283813384768919e+00
2.475073313782991224e+00 4.144686230730707521e+00
2.478005865102639316e+00 4.148088801770767553e+00
2.480938416422287407e+00 4.151491526014752687e+00
2.483870967741935498e+00 4.154894402974373513e+00
2.486803519061583589e+00 4.158297432163247542e+00
2.489736070381231681e+00 4.161700613096877888e+00
2.492668621700879772e+00 4.165103945292649712e+00
2.495601173020527863e+00 4.168507428269829340e+00
2.498533724340175954e+00 4.171911061549542943e+00
2.501466275659824046e+00 4.175314844654777424e+00
2.504398826979472137e+00 4.178718777110223215e+00
2.507331378299120228e+00 4.182122858441220004e+00
2.510263929618768319e+00 4.185527088177898314e+00
2.513196480938416411e+00 4.188931465850580516e+00
2.516129032258064502e+00 4.192335990991404415e+00
2.519061583577712593e+00 4.195740663134318815e+00
2.521994134897360684e+00 4.199145481815067527e+00
2.524926686217008776e+00 4.202550446571191145e+00
2.527859237536656867e+00 4.205955556942013729e+00
2.530791788856304958e+00 4.209360812468632140e+00
2.533724340175953049e+00 4.212766212693913381e+00
2.536656891495601140e+00 4.216171757162485711e+00
2.539589442815249232e+00 4.219577445420724437e+00
2.542521994134897323e+00 4.222983277016753689e+00
2.545454545454545414e+00 4.226389251500433097e+00
2.548387096774193505e+00 4.229795368423348023e+00
2.551319648093841597e+00 4.233201627338807782e+00
2.554252199413489688e+00 4.236608027801832321e+00
2.557184750733137779e+00 4.240014569369148667e+00
2.560117302052785870e+00 4.243421251599180266e+00
2.563049853372433962e+00 4.246828074052040769e+00
2.565982404692082053e+00 4.250235036289526036e+00
2.568914956011730144e+00 4.253642137875107032e+00
2.571847507331378235e+00 4.257049378373924498e+00
2.574780058651026327e+00 4.260456757352774737e+00
2.577712609970674418e+00 4.263864274380106956e+00
2.580645161290322509e+00 4.267271929026022370e+00
2.583577712609970600e+00 4.270679720862249340e+00
2.586510263929618691e+00 4.274087649462158467e+00
2.589442815249266783e+00 4.277495714400733284e+00
2.592375366568914874e+00 4.280903915254580028e+00
2.595307917888562965e+00 4.284312251601909871e+00
2.598240469208211056e+00 4.287720723022538039e+00
2.601173020527859148e+00 4.291129329097873146e+00
2.604105571847507239e+00 4.294538069410912762e+00
2.607038123167155330e+00 4.297946943546232745e+00
2.609970674486803421e+00 4.301355951089983698e+00
2.612903225806451513e+00 4.304765091629882967e+00
2.615835777126099604e+00 4.308174364755207542e+00
2.618768328445747695e+00 4.311583770056784282e+00
2.621700879765395786e+00 4.314993307126989919e+00
2.624633431085043878e+00 4.318402975559738621e+00
2.627565982404691969e+00 4.321812774950474001e+00
2.630498533724340060e+00 4.325222704896168224e+00
2.633431085043988151e+00 4.328632764995310467e+00
2.636363636363636243e+00 4.332042954847903360e+00
2.639296187683284334e+00 4.335453274055453221e+00
2.642228739002932425e+00 4.338863722220964725e+00
2.645161290322580516e+00 4.342274298948937350e+00
2.648093841642228607e+00 4.345685003845350280e+00
2.651026392961876699e+00 4.349095836517670399e+00
2.653958944281524790e+00 4.352506796574827419e+00
2.656891495601172881e+00 4.355917883627223652e+00
2.659824046920820972e+00 4.359329097286718913e+00
2.662756598240469064e+00 4.362740437166625185e+00
2.665689149560117155e+00 4.366151902881703961e+00
2.668621700879765246e+00 4.369563494047477903e+00
2.671554252199413337e+00 4.372975210281301983e+00
2.674486803519061429e+00 4.376387051203332490e+00
2.677419354838709520e+00 4.379799016434041903e+00
2.680351906158357611e+00 4.383211105595319346e+00
2.683284457478005702e+00 4.386623318310464370e+00
2.686217008797653794e+00 4.390035654204179849e+00
2.689149560117301885e+00 4.393448112902566649e+00
2.692082111436949976e+00 4.396860694033113859e+00
2.695014662756598067e+00 4.400273397224700567e+00
2.697947214076246158e+00 4.403686222107579873e+00
2.700879765395894250e+00 4.407099168313384219e+00
2.703812316715542341e+00 4.410512235475107623e+00
2.706744868035190432e+00 4.413925423227106570e+00
2.709677419354838523e+00 4.417338731205093794e+00
2.712609970674486615e+00 4.420752159046131169e+00
2.715542521994134706e+00 4.424165706388624386e+00
2.718475073313782797e+00 4.427579372872317620e+00
2.721407624633430888e+00 4.430993158138282872e+00
2.724340175953078980e+00 4.434407061828922636e+00
2.727272727272727071e+00 4.437821083587957460e+00
2.730205278592375162e+00 4.441235223060423287e+00
2.733137829912023253e+00 4.444649479892666122e+00
2.736070381231671345e+00 4.448063853732330486e+00
2.739002932551319436e+00 4.451478344228363859e+00
2.741935483870967527e+00 4.454892951031002468e+00
2.744868035190615618e+00 4.458307673791772174e+00
2.747800586510263710e+00 4.461722512163473375e+00
2.750733137829911801e+00 4.465137465800190775e+00
2.753665689149560336e+00 4.468552534357268513e+00
2.756598240469208427e+00 4.471967717491326155e+00
2.759530791788856519e+00 4.475383014860229380e+00
2.762463343108504610e+00 4.478798426123109522e+00
2.765395894428152701e+00 4.482213950940337810e+00
2.768328445747800792e+00 4.485629588973534254e+00
2.771260997067448884e+00 4.489045339885549879e+00
2.774193548387096975e+00 4.492461203340469389e+00
2.777126099706745066e+00 4.495877179003610280e+00
2.780058651026393157e+00 4.499293266541503300e+00
2.782991202346041248e+00 4.502709465621900442e+00
2.785923753665689340e+00 4.506125775913762510e+00
2.788856304985337431e+00 4.509542197087255566e+00
2.791788856304985522e+00 4.512958728813748266e+00
2.794721407624633613e+00 4.516375370765807418e+00
2.797653958944281705e+00 4.519792122617181107e+00
2.800586510263929796e+00 4.523208984042812908e+00
2.803519061583577887e+00 4.526625954718819678e+00
2.806451612903225978e+00 4.530043034322497775e+00
2.809384164222874070e+00 4.533460222532309736e+00
2.812316715542522161e+00 4.536877519027888717e+00
2.815249266862170252e+00 4.540294923490023393e+00
2.818181818181818343e+00 4.543712435600659738e+00
2.821114369501466435e+00 4.547130055042895691e+00
2.824046920821114526e+00 4.550547781500971389e+00
2.826979472140762617e+00 4.553965614660268280e+00
2.829912023460410708e+00 4.557383554207305565e+00
2.832844574780058799e+00 4.560801599829733100e+00
2.835777126099706891e+00 4.564219751216326060e+00
2.838709677419354982e+00 4.567638008055785015e+00
2.841642228739003073e+00 4.571056370039885408e+00
2.844574780058651164e+00 4.574474836861321947e+00
2.847507331378299256e+00 4.577893408213319582e+00
2.850439882697947347e+00 4.581312083790203715e+00
2.853372434017595438e+00 4.584730863287400204e+00
2.856304985337243529e+00 4.588149746401429141e+00
2.859237536656891621e+00 4.591568732829895083e+00
2.862170087976539712e+00 4.594987822271492384e+00
2.865102639296187803e+00 4.598407014425996309e+00
2.868035190615835894e+00 4.601826308994252379e+00
2.870967741935483986e+00 4.605245705678178147e+00
2.873900293255132077e+00 4.608665204180760533e+00
2.876832844574780168e+00 4.612084804206047828e+00
2.879765395894428259e+00 4.615504505459141704e+00
2.882697947214076351e+00 4.618924307646200766e+00
2.885630498533724442e+00 4.622344210474432558e+00
2.888563049853372533e+00 4.625764213652082901e+00
2.891495601173020624e+00 4.629184316888444783e+00
2.894428152492668715e+00 4.632604519893840589e+00
2.897360703812316807e+00 4.636024822379626542e+00
2.900293255131964898e+00 4.639445224058188266e+00
2.903225806451612989e+00 4.642865724642926573e+00
2.906158357771261080e+00 4.646286323848266342e+00
2.909090909090909172e+00 4.649707021389643202e+00
2.912023460410557263e+00 4.653127816983503529e+00
2.914956011730205354e+00 4.656548710347299114e+00
2.917888563049853445e+00 4.659969701199482728e+00
2.920821114369501537e+00 4.663390789259503677e+00
2.923753665689149628e+00 4.666811974247805139e+00
2.926686217008797719e+00 4.670233255885815282e+00
2.929618768328445810e+00 4.673654633895952593e+00
2.932551319648093902e+00 4.677076108001612553e+00
2.935483870967741993e+00 4.680497677927166755e+00
2.938416422287390084e+00 4.683919343397960233e+00
2.941348973607038175e+00 4.687341104140305248e+00
2.944281524926686266e+00 4.690762959881479510e+00
2.947214076246334358e+00 4.694184910349720852e+00
2.950146627565982449e+00 4.697606955274221008e+00
2.953079178885630540e+00 4.701029094385127394e+00
2.956011730205278631e+00 4.704451327413533335e+00
2.958944281524926723e+00 4.707873654091477178e+00
2.961876832844574814e+00 4.711296074151937852e+00
2.964809384164222905e+00 4.714718587328832200e+00
2.967741935483870996e+00 4.718141193357006102e+00
2.970674486803519088e+00 4.721563891972238025e+00
2.973607038123167179e+00 4.724986682911231028e+00
2.976539589442815270e+00 4.728409565911606549e+00
2.979472140762463361e+00 4.731832540711907065e+00
2.982404692082111453e+00 4.735255607051585436e+00
2.985337243401759544e+00 4.738678764671007571e+00
2.988269794721407635e+00 4.742102013311444431e+00
2.991202346041055726e+00 4.745525352715067591e+00
2.994134897360703818e+00 4.748948782624946574e+00
2.997067448680351909e+00 4.752372302785051517e+00
3.000000000000000000e+00 4.755795912940238956e+00
