0.000000000000000000e+00 8.780660411435795254e+01
2.932551319648093839e-03 6.181796497061501441e+02
5.865102639296187678e-03 1.148552695297942364e+03
8.797653958944280650e-03 1.678925740889734470e+03
1.173020527859237536e-02 2.335879133882631777e+03
1.466275659824047006e-02 3.148850164369914637e+03
1.759530791788856130e-02 3.961821194857196588e+03
2.052785923753665601e-02 4.774792225344479448e+03
2.346041055718475071e-02 5.691228618376091617e+03
2.639296187683284542e-02 6.619695867517509214e+03
2.932551319648094013e-02 7.548163116658926810e+03
3.225806451612903136e-02 8.500612606929091271e+03
3.519061583577712260e-02 9.498846375717774208e+03
3.812316715542522078e-02 1.049708014450645896e+04
4.105571847507331201e-02 1.149531391329514372e+04
4.398826979472141019e-02 1.252863055311163407e+04
4.692082111436950143e-02 1.357117952740912187e+04
4.985337243401759266e-02 1.461372850170660786e+04
5.278592375366569084e-02 1.566289704433487896e+04
5.571847507331378208e-02 1.673307552123040296e+04
5.865102639296188025e-02 1.780325399812592877e+04
6.158357771260997149e-02 1.887343247502145095e+04
6.451612903225806273e-02 1.995441228712309021e+04
6.744868035190615396e-02 2.104030179704569673e+04
7.038123167155424520e-02 2.212619130696829961e+04
7.331378299120235031e-02 2.321299349361180430e+04
7.624633431085044155e-02 2.430562277008870296e+04
7.917888563049853279e-02 2.539825204656560163e+04
8.211143695014662403e-02 2.649088132304250394e+04
8.504398826979471526e-02 2.758336409716829803e+04
8.797653958944282038e-02 2.867574222675759665e+04
9.090909090909091161e-02 2.976812035634688800e+04
9.384164222873900285e-02 3.086031627485799982e+04
9.677419354838709409e-02 3.194686364994543328e+04
9.970674486803518533e-02 3.303341102503286675e+04
1.026392961876832904e-01 3.411995840012031113e+04
1.055718475073313817e-01 3.520154179714946076e+04
1.085043988269794729e-01 3.627772956585438806e+04
1.114369501466275642e-01 3.735391733455932263e+04
1.143695014662756554e-01 3.843010510326424264e+04
1.173020527859237605e-01 3.949324019666599634e+04
1.202346041055718517e-01 4.055534867515624501e+04
1.231671554252199430e-01 4.161745715364650823e+04
1.260997067448680342e-01 4.267313101813336107e+04
1.290322580645161255e-01 4.371808052594789478e+04
1.319648093841642167e-01 4.476303003376242123e+04
1.348973607038123079e-01 4.580797954157695494e+04
1.378299120234603992e-01 4.683669998008997209e+04
1.407624633431084904e-01 4.786192808723431517e+04
1.436950146627566094e-01 4.888715619437867281e+04
1.466275659824047006e-01 4.990646433902487479e+04
1.495601173020527919e-01 5.090983412309915730e+04
1.524926686217008831e-01 5.191320390717345435e+04
1.554252199413489743e-01 5.291657369124774414e+04
1.583577712609970656e-01 5.390295220343690016e+04
1.612903225806451568e-01 5.488268195706230472e+04
1.642228739002932481e-01 5.586241171068771655e+04
1.671554252199413393e-01 5.683795454157805943e+04
1.700879765395894305e-01 5.779256275879310851e+04
1.730205278592375495e-01 5.874717097600815760e+04
1.759530791788856408e-01 5.970177919322319940e+04
1.788856304985337320e-01 6.064019517132996407e+04
1.818181818181818232e-01 6.156845669440272468e+04
1.847507331378299145e-01 6.249671821747549257e+04
1.876832844574780057e-01 6.342327030149884376e+04
1.906158357771260969e-01 6.432418079978095921e+04
1.935483870967741882e-01 6.522509129806309647e+04
1.964809384164222794e-01 6.612600179634521191e+04
1.994134897360703707e-01 6.701253706844990666e+04
2.023460410557184619e-01 6.788528385830280604e+04
2.052785923753665809e-01 6.875803064815570542e+04
2.082111436950146721e-01 6.963077743800860480e+04
2.111436950146627634e-01 7.047591558704621275e+04
2.140762463343108546e-01 7.131985336039621325e+04
2.170087976539589458e-01 7.216379113374621375e+04
2.199413489736070371e-01 7.299582279112115793e+04
2.228739002932551283e-01 7.381045320207104669e+04
2.258064516129032195e-01 7.462508361302093545e+04
2.287390029325513108e-01 7.543971402397080965e+04
2.316715542521994020e-01 7.622899611204545363e+04
2.346041055718475210e-01 7.701395043767799507e+04
2.375366568914956122e-01 7.779890476331052196e+04
2.404692082111437035e-01 7.857481772141467081e+04
2.434017595307917947e-01 7.932984200281536323e+04
2.463343108504398860e-01 8.008486628421602654e+04
2.492668621700879772e-01 8.083989056561671896e+04
2.521994134897360684e-01 8.157235329131320759e+04
2.551319648093841597e-01 8.229729549844164285e+04
2.580645161290322509e-01 8.302223770557007811e+04
2.609970674486803421e-01 8.374121404295426328e+04
2.639296187683284334e-01 8.443601290821711882e+04
2.668621700879765246e-01 8.513081177347995981e+04
2.697947214076246158e-01 8.582561063874281535e+04
2.727272727272727071e-01 8.650095466329161718e+04
2.756598240469207983e-01 8.716562990422305302e+04
2.785923753665688896e-01 8.783030514515447430e+04
2.815249266862169808e-01 8.849216492992803978e+04
2.844574780058651275e-01 8.912680863850899914e+04
2.873900293255132188e-01 8.976145234708994394e+04
2.903225806451613100e-01 9.039609605567088875e+04
2.932551319648094013e-01 9.101455764118302613e+04
2.961876832844574925e-01 9.161932666102152143e+04
2.991202346041055837e-01 9.222409568086003128e+04
3.020527859237536750e-01 9.282886470069852658e+04
3.049853372434017662e-01 9.340428280409435683e+04
3.079178885630498574e-01 9.397939195047499379e+04
3.108504398826979487e-01 9.455450109685561620e+04
3.137829912023460399e-01 9.511675074353718082e+04
3.167155425219941312e-01 9.566246674774849089e+04
3.196480938416422224e-01 9.620818275195981550e+04
3.225806451612903136e-01 9.675389875617112557e+04
3.255131964809384049e-01 9.727386691094904381e+04
3.284457478005864961e-01 9.779050299109441403e+04
3.313782991202345873e-01 9.830713907123978424e+04
3.343108504398826786e-01 9.881420011701923795e+04
3.372434017595307698e-01 9.930211109406684409e+04
3.401759530791788610e-01 9.979002207111446478e+04
3.431085043988269523e-01 1.002779330481620709e+05
3.460410557184750990e-01 1.007437088017925125e+05
3.489736070381231903e-01 1.012032866928661388e+05
3.519061583577712815e-01 1.016628645839397650e+05
3.548387096774193727e-01 1.021160469238994556e+05
3.577712609970674640e-01 1.025477169555667642e+05
3.607038123167155552e-01 1.029793869872340874e+05
3.636363636363636465e-01 1.034110570189013961e+05
3.665689149560117377e-01 1.038241390555987746e+05
3.695014662756598289e-01 1.042283560485412891e+05
3.724340175953079202e-01 1.046325730414837890e+05
3.753665689149560114e-01 1.050334185457649000e+05
3.782991202346041026e-01 1.054106636294162017e+05
3.812316715542521939e-01 1.057879087130675034e+05
3.841642228739002851e-01 1.061651537967187905e+05
3.870967741935483764e-01 1.065272352302242507e+05
3.900293255131964676e-01 1.068780128518027777e+05
3.929618768328445588e-01 1.072287904733813193e+05
3.958944281524926501e-01 1.075790276277858939e+05
3.988269794721407413e-01 1.079038628250142647e+05
4.017595307917888325e-01 1.082286980222426209e+05
4.046920821114369238e-01 1.085535332194709772e+05
4.076246334310850705e-01 1.088664625012155884e+05
4.105571847507331618e-01 1.091658984120786190e+05
4.134897360703812530e-01 1.094653343229416496e+05
4.164222873900293442e-01 1.097647702338046802e+05
4.193548387096774355e-01 1.100414358471333690e+05
4.222873900293255267e-01 1.103160314334134891e+05
4.252199413489736179e-01 1.105906270196936093e+05
4.281524926686217092e-01 1.108563750354223739e+05
4.310850439882698004e-01 1.111067029996187630e+05
4.340175953079178917e-01 1.113570309638151521e+05
4.369501466275659829e-01 1.116073589280115411e+05
4.398826979472140741e-01 1.118384443843809131e+05
4.428152492668621654e-01 1.120650892620209488e+05
4.457478005865102566e-01 1.122917341396609700e+05
4.486803519061583478e-01 1.125123663958882244e+05
4.516129032258064391e-01 1.127159228073031554e+05
4.545454545454545303e-01 1.129194792187180865e+05
4.574780058651026216e-01 1.131230356301330175e+05
4.604105571847507128e-01 1.133106649086875404e+05
4.633431085043988040e-01 1.134917359560642508e+05
4.662756598240468953e-01 1.136728070034409611e+05
4.692082111436950420e-01 1.138504600429500861e+05
4.721407624633431332e-01 1.140096558399742353e+05
4.750733137829912245e-01 1.141688516369983699e+05
4.780058651026393157e-01 1.143280474340225192e+05
4.809384164222874070e-01 1.144743989653007156e+05
4.838709677419354982e-01 1.146123352879867598e+05
4.868035190615835894e-01 1.147502716106727894e+05
4.897360703812316807e-01 1.148871329711570579e+05
4.926686217008797719e-01 1.150044300195686956e+05
4.956011730205278631e-01 1.151217270679803478e+05
4.985337243401759544e-01 1.152390241163920000e+05
5.014662756598240456e-01 1.153463132713578088e+05
5.043988269794721369e-01 1.154435945328777743e+05
5.073313782991202281e-01 1.155408757943977398e+05
5.102639296187683193e-01 1.156381570559176907e+05
5.131964809384164106e-01 1.157170581602943857e+05
5.161290322580645018e-01 1.157949493659269210e+05
5.190615835777125930e-01 1.158728405715594708e+05
5.219941348973606843e-01 1.159433047406333353e+05
5.249266862170087755e-01 1.160024329065387574e+05
5.278592375366568668e-01 1.160615610724441649e+05
5.307917888563049580e-01 1.161206892383495870e+05
5.337243401759530492e-01 1.161645154758657300e+05
5.366568914956011405e-01 1.162055080229394080e+05
5.395894428152492317e-01 1.162465005700130860e+05
5.425219941348973229e-01 1.162823864414379786e+05
5.454545454545454142e-01 1.163058703862871625e+05
5.483870967741935054e-01 1.163293543311363173e+05
5.513196480938415966e-01 1.163528382759855158e+05
5.542521994134896879e-01 1.163638360323525703e+05
5.571847507331377791e-01 1.163704372434794495e+05
5.601173020527858704e-01 1.163770384546063287e+05
5.630498533724339616e-01 1.163805911599090323e+05
5.659824046920821639e-01 1.163709336733069795e+05
5.689149560117302551e-01 1.163612761867049121e+05
5.718475073313783463e-01 1.163516187001028447e+05
5.747800586510264376e-01 1.163320251238519559e+05
5.777126099706745288e-01 1.163067305125566636e+05
5.806451612903226200e-01 1.162814359012613859e+05
5.835777126099707113e-01 1.162548897402760340e+05
5.865102639296188025e-01 1.162145765327003610e+05
5.894428152492668938e-01 1.161742633251246880e+05
5.923753665689149850e-01 1.161339501175490295e+05
5.953079178885630762e-01 1.160859849707477406e+05
5.982404692082111675e-01 1.160312681128650147e+05
6.011730205278592587e-01 1.159765512549822888e+05
6.041055718475073499e-01 1.159218343970995338e+05
6.070381231671554412e-01 1.158536121034285316e+05
6.099706744868035324e-01 1.157851024600598903e+05
6.129032258064516236e-01 1.157165928166912636e+05
6.158357771260997149e-01 1.156424514534669870e+05
6.187683284457478061e-01 1.155607553440949123e+05
6.217008797653958974e-01 1.154790592347228376e+05
6.246334310850439886e-01 1.153973631253507483e+05
6.275659824046920798e-01 1.153046550307256693e+05
6.304985337243401711e-01 1.152103737953501841e+05
6.334310850439882623e-01 1.151160925599746843e+05
6.363636363636363535e-01 1.150179398205056932e+05
6.392961876832844448e-01 1.149116694111632678e+05
6.422287390029325360e-01 1.148053990018208278e+05
6.451612903225806273e-01 1.146991285924784024e+05
6.480938416422287185e-01 1.145840714562397625e+05
6.510263929618768097e-01 1.144664020498428290e+05
6.539589442815249010e-01 1.143487326434458810e+05
6.568914956011729922e-01 1.142286974633628124e+05
6.598240469208210834e-01 1.141002130915435409e+05
6.627565982404691747e-01 1.139717287197242840e+05
6.656891495601172659e-01 1.138432443479050125e+05
6.686217008797653572e-01 1.137079350183848583e+05
6.715542521994134484e-01 1.135692132100142626e+05
6.744868035190615396e-01 1.134304914016436815e+05
6.774193548387096309e-01 1.132906619437351910e+05
6.803519061583577221e-01 1.131422733757613023e+05
6.832844574780058133e-01 1.129938848077873990e+05
6.862170087976539046e-01 1.128454962398135103e+05
6.891495601173021068e-01 1.126919870769327390e+05
6.920821114369501981e-01 1.125344952291244408e+05
6.950146627565982893e-01 1.123770033813161281e+05
6.979472140762463805e-01 1.122194224986840272e+05
7.008797653958944718e-01 1.120533833077929157e+05
7.038123167155425630e-01 1.118873441169018042e+05
7.067448680351906543e-01 1.117213049260106782e+05
7.096774193548387455e-01 1.115515993891296093e+05
7.126099706744868367e-01 1.113775608978967794e+05
7.155425219941349280e-01 1.112035224066639348e+05
7.184750733137830192e-01 1.110294839154311048e+05
7.214076246334311104e-01 1.108486852410535066e+05
7.243401759530792017e-01 1.106671872373850638e+05
7.272727272727272929e-01 1.104856892337166209e+05
7.302052785923753842e-01 1.103017374377246160e+05
7.331378299120234754e-01 1.101133110792601947e+05
7.360703812316715666e-01 1.099248847207957733e+05
7.390029325513196579e-01 1.097364583623313520e+05
7.419354838709677491e-01 1.095428936796971684e+05
7.448680351906158403e-01 1.093480610988912085e+05
7.478005865102639316e-01 1.091532285180852632e+05
7.507331378299120228e-01 1.089569225536677986e+05
7.536656891495601140e-01 1.087561964384158055e+05
7.565982404692082053e-01 1.085554703231638268e+05
7.595307917888562965e-01 1.083547442079118191e+05
7.624633431085043878e-01 1.081502558053819521e+05
7.653958944281524790e-01 1.079441389501497179e+05
7.683284457478005702e-01 1.077380220949174836e+05
7.712609970674486615e-01 1.075311909010040254e+05
7.741935483870967527e-01 1.073201757233862445e+05
7.771260997067448439e-01 1.071091605457684782e+05
7.800586510263929352e-01 1.068981453681507119e+05
7.829912023460410264e-01 1.066845077127160039e+05
7.859237536656891177e-01 1.064690757303539431e+05
7.888563049853372089e-01 1.062536437479918677e+05
7.917888563049853001e-01 1.060380473175141378e+05
7.947214076246333914e-01 1.058186685803763248e+05
7.976539589442814826e-01 1.055992898432385118e+05
8.005865102639295738e-01 1.053799111061006988e+05
8.035190615835776651e-01 1.051588243156827957e+05
8.064516129032257563e-01 1.049359567888664751e+05
8.093841642228738475e-01 1.047130892620501691e+05
8.123167155425219388e-01 1.044902217352338484e+05
8.152492668621701410e-01 1.042645008515010704e+05
8.181818181818182323e-01 1.040385897439738619e+05
8.211143695014663235e-01 1.038126786364466534e+05
8.240469208211144148e-01 1.035857608755439724e+05
8.269794721407625060e-01 1.033572379106101434e+05
8.299120234604105972e-01 1.031287149456763000e+05
8.328445747800586885e-01 1.029001919807424565e+05
8.357771260997067797e-01 1.026698403397933871e+05
8.387096774193548709e-01 1.024391229636412609e+05
8.416422287390029622e-01 1.022084055874891346e+05
8.445747800586510534e-01 1.019771841836410604e+05
8.475073313782991447e-01 1.017446747090144054e+05
8.504398826979472359e-01 1.015121652343877358e+05
8.533724340175953271e-01 1.012796557597610663e+05
8.563049853372434184e-01 1.010461211917325272e+05
8.592375366568915096e-01 1.008122058747261617e+05
8.621700879765396008e-01 1.005782905577197816e+05
8.651026392961876921e-01 1.003441916701375012e+05
8.680351906158357833e-01 1.001092397192907083e+05
8.709677419354838745e-01 9.987428776844392996e+04
8.739002932551319658e-01 9.963933581759715162e+04
8.768328445747800570e-01 9.940395540997888020e+04
8.797653958944281483e-01 9.916831792829772166e+04
8.826979472140762395e-01 9.893268044661657768e+04
8.856304985337243307e-01 9.869701717751791875e+04
8.885630498533724220e-01 9.846102603982566507e+04
8.914956011730205132e-01 9.822503490213341138e+04
8.944281524926686044e-01 9.798904376444112859e+04
8.973607038123166957e-01 9.775303065164817963e+04
9.002932551319647869e-01 9.751699732176259567e+04
9.032258064516128782e-01 9.728096399187699717e+04
9.061583577712609694e-01 9.704493066199139867e+04
9.090909090909090606e-01 9.680913721841046936e+04
9.120234604105571519e-01 9.657335151309742650e+04
9.149560117302052431e-01 9.633756580778436910e+04
9.178885630498533343e-01 9.610199448363539705e+04
9.208211143695014256e-01 9.586672329311614158e+04
9.237536656891495168e-01 9.563145210259688611e+04
9.266862170087976081e-01 9.539618091207764519e+04
9.296187683284456993e-01 9.516156435681202856e+04
9.325513196480937905e-01 9.492705033477890538e+04
9.354838709677418818e-01 9.469253631274579675e+04
9.384164222873900840e-01 9.445832674748517456e+04
9.413489736070381753e-01 9.422478698712402547e+04
9.442815249266862665e-01 9.399124722676289093e+04
9.472140762463343577e-01 9.375770746640175639e+04
9.501466275659824490e-01 9.352505319353600498e+04
9.530791788856305402e-01 9.329267790988112392e+04
9.560117302052786314e-01 9.306030262622624286e+04
9.589442815249267227e-01 9.282820370230237313e+04
9.618768328445748139e-01 9.259715494535629114e+04
9.648093841642229052e-01 9.236610618841022369e+04
9.677419354838709964e-01 9.213505743146417080e+04
9.706744868035190876e-01 9.190496626415898209e+04
9.736070381231671789e-01 9.167537669142762024e+04
9.765395894428152701e-01 9.144578711869624385e+04
9.794721407624633613e-01 9.121636018284979218e+04
9.824046920821114526e-01 9.098833192421351850e+04
9.853372434017595438e-01 9.076030366557724483e+04
9.882697947214076351e-01 9.053227540694097115e+04
9.912023460410557263e-01 9.030514809894115024e+04
9.941348973607038175e-01 9.007875175089164986e+04
9.970674486803519088e-01 8.985235540284214949e+04
1.000000000000000000e+00 8.962595905479264911e+04
1.002932551319648091e+00 8.940123284483571479e+04
1.005865102639296182e+00 8.917650663487876591e+04
1.008797653958944274e+00 8.895178042492183158e+04
1.011730205278592365e+00 8.872780464342120104e+04
1.014662756598240456e+00 8.850475380862253951e+04
1.017595307917888547e+00 8.828170297382389253e+04
1.020527859237536639e+00 8.805865213902523101e+04
1.023460410557184730e+00 8.783707697532993916e+04
1.026392961876832821e+00 8.761567340129782679e+04
1.029325513196480912e+00 8.739426982726571441e+04
1.032258064516129004e+00 8.717341135197383119e+04
1.035190615835777095e+00 8.695359351973146840e+04
1.038123167155425186e+00 8.673377568748912017e+04
1.041055718475073277e+00 8.651395785524675739e+04
1.043988269794721369e+00 8.629532049310152070e+04
1.046920821114369460e+00 8.607699378098185116e+04
1.049853372434017551e+00 8.585866706886216707e+04
1.052785923753665642e+00 8.564066717182258435e+04
1.055718475073313734e+00 8.542370455742852937e+04
1.058651026392961825e+00 8.520674194303445984e+04
1.061583577712609916e+00 8.498977932864039030e+04
1.064516129032258007e+00 8.477364571378625988e+04
1.067448680351906098e+00 8.455788891690483433e+04
1.070381231671554190e+00 8.434213212002339424e+04
1.073313782991202281e+00 8.412651316346958629e+04
1.076246334310850372e+00 8.391177426439210831e+04
1.079178885630498463e+00 8.369703536531464488e+04
1.082111436950146555e+00 8.348229646623718145e+04
1.085043988269794646e+00 8.326802566760791524e+04
1.087976539589442737e+00 8.305408922644166159e+04
1.090909090909090828e+00 8.284015278527540795e+04
1.093841642228738920e+00 8.262623391074639221e+04
1.096774193548387011e+00 8.241285960197180975e+04
1.099706744868035102e+00 8.219948529319724184e+04
1.102639296187683193e+00 8.198611098442265939e+04
1.105571847507331285e+00 8.177288045996367873e+04
1.108504398826979376e+00 8.155980622280431271e+04
1.111436950146627467e+00 8.134673198564493214e+04
1.114369501466275558e+00 8.113365774848555156e+04
1.117302052785923649e+00 8.092060198490323091e+04
1.120234604105571741e+00 8.070754767429889762e+04
1.123167155425219832e+00 8.049449336369456432e+04
1.126099706744867923e+00 8.028133623415190959e+04
1.129032258064516236e+00 8.006800773971203307e+04
1.131964809384164328e+00 7.985467924527218565e+04
1.134897360703812419e+00 7.964135075083232368e+04
1.137829912023460510e+00 7.942754683795086748e+04
1.140762463343108601e+00 7.921364061983511783e+04
1.143695014662756693e+00 7.899973440171939728e+04
1.146627565982404784e+00 7.878558827676909277e+04
1.149560117302052875e+00 7.857079624880256597e+04
1.152492668621700966e+00 7.835600422083605372e+04
1.155425219941349058e+00 7.814121219286955602e+04
1.158357771260997149e+00 7.792556248078749923e+04
1.161290322580645240e+00 7.770957715318196279e+04
1.164222873900293331e+00 7.749359182557642634e+04
1.167155425219941423e+00 7.727735734888230218e+04
1.170087976539589514e+00 7.705987712674521026e+04
1.173020527859237605e+00 7.684239690460810380e+04
1.175953079178885696e+00 7.662491668247101188e+04
1.178885630498533788e+00 7.640633927084700554e+04
1.181818181818181879e+00 7.618707379123965802e+04
1.184750733137829970e+00 7.596780831163232506e+04
1.187683284457478061e+00 7.574841413579163782e+04
1.190615835777126152e+00 7.552708951645066554e+04
1.193548387096774244e+00 7.530576489710972237e+04
1.196480938416422335e+00 7.508444027776876464e+04
1.199413489736070426e+00 7.486193582374836842e+04
1.202346041055718517e+00 7.463829969156607694e+04
1.205278592375366609e+00 7.441466355938377092e+04
1.208211143695014700e+00 7.419102742720146489e+04
1.211143695014662791e+00 7.396495933230554510e+04
1.214076246334310882e+00 7.373878549990034662e+04
1.217008797653958974e+00 7.351261166749514814e+04
1.219941348973607065e+00 7.328532734948697907e+04
1.222873900293255156e+00 7.305642001405908377e+04
1.225806451612903247e+00 7.282751267863120302e+04
1.228739002932551339e+00 7.259860534320332226e+04
1.231671554252199430e+00 7.236722492670801876e+04
1.234604105571847521e+00 7.213542227685973921e+04
1.237536656891495612e+00 7.190361962701147422e+04
1.240469208211143703e+00 7.167090461989048345e+04
1.243401759530791795e+00 7.143608175286362530e+04
1.246334310850439886e+00 7.120125888583676715e+04
1.249266862170087977e+00 7.096643601880990900e+04
1.252199413489736068e+00 7.072928360690438421e+04
1.255131964809384160e+00 7.049135468003929418e+04
1.258064516129032251e+00 7.025342575317421870e+04
1.260997067448680342e+00 7.001487309035073849e+04
1.263929618768328433e+00 6.977379265548533294e+04
1.266862170087976525e+00 6.953271222061992739e+04
1.269794721407624616e+00 6.929163178575450729e+04
1.272727272727272707e+00 6.904851305671859882e+04
1.275659824046920798e+00 6.880427655346012034e+04
1.278592375366568890e+00 6.856004005020165641e+04
1.281524926686216981e+00 6.831551103898877045e+04
1.284457478005865072e+00 6.806815445088317210e+04
1.287390029325513163e+00 6.782079786277757376e+04
1.290322580645161255e+00 6.757344127467197541e+04
1.293255131964809346e+00 6.732443547040635895e+04
1.296187683284457437e+00 6.707403417554381303e+04
1.299120234604105528e+00 6.682363288068125257e+04
1.302052785923753619e+00 6.657323158581870666e+04
1.304985337243401711e+00 6.631992899885892984e+04
1.307917888563049802e+00 6.606659587198233930e+04
1.310850439882697893e+00 6.581326274510576332e+04
1.313782991202345984e+00 6.555871160614139808e+04
1.316715542521994076e+00 6.530259445163559576e+04
1.319648093841642167e+00 6.504647729712980072e+04
1.322580645161290258e+00 6.479036014262400568e+04
1.325513196480938349e+00 6.453193698040184245e+04
1.328445747800586441e+00 6.427321539365169883e+04
1.331378299120234532e+00 6.401449380690154067e+04
1.334310850439882623e+00 6.375497333834446181e+04
1.337243401759530714e+00 6.349385510617351974e+04
1.340175953079178806e+00 6.323273687400258495e+04
1.343108504398826897e+00 6.297161864183165744e+04
1.346041055718474988e+00 6.270880930894195626e+04
1.348973607038123079e+00 6.244552646785099205e+04
1.351906158357771170e+00 6.218224362676004239e+04
1.354838709677419262e+00 6.191852250780523173e+04
1.357771260997067353e+00 6.165332718149020366e+04
1.360703812316715444e+00 6.138813185517516831e+04
1.363636363636363535e+00 6.112293652886014024e+04
1.366568914956011627e+00 6.085662771312044060e+04
1.369501466275659718e+00 6.058978784857820574e+04
1.372434017595307809e+00 6.032294798403597088e+04
1.375366568914955900e+00 6.005593749193114490e+04
1.378299120234604214e+00 5.978773260688814480e+04
1.381231671554252305e+00 5.951952772184515925e+04
1.384164222873900396e+00 5.925132283680218097e+04
1.387096774193548487e+00 5.898250030703665107e+04
1.390029325513196579e+00 5.871321735120523226e+04
1.392961876832844670e+00 5.844393439537379891e+04
1.395894428152492761e+00 5.817463503069776925e+04
1.398826979472140852e+00 5.790456445032555348e+04
1.401759530791788944e+00 5.763449386995334498e+04
1.404692082111437035e+00 5.736442328958112194e+04
1.407624633431085126e+00 5.709411958136623434e+04
1.410557184750733217e+00 5.682355166159632063e+04
1.413489736070381309e+00 5.655298374182639964e+04
1.416422287390029400e+00 5.628241582205648592e+04
1.419354838709677491e+00 5.601165491036045569e+04
1.422287390029325582e+00 5.574087645394387073e+04
1.425219941348973673e+00 5.547009799752728577e+04
1.428152492668621765e+00 5.519934500402314006e+04
1.431085043988269856e+00 5.492863638873783202e+04
1.434017595307917947e+00 5.465792777345251670e+04
1.436950146627566038e+00 5.438721915816720139e+04
1.439882697947214130e+00 5.411678781396699196e+04
1.442815249266862221e+00 5.384642045540180698e+04
1.445747800586510312e+00 5.357605309683661471e+04
1.448680351906158403e+00 5.330584240241252701e+04
1.451612903225806495e+00 5.303607663414916897e+04
1.454545454545454586e+00 5.276631086588580365e+04
1.457478005865102677e+00 5.249654509762243106e+04
1.460410557184750768e+00 5.222738080236893438e+04
1.463343108504398860e+00 5.195846417247243517e+04
1.466275659824046951e+00 5.168954754257592867e+04
1.469208211143695042e+00 5.142080006913302350e+04
1.472140762463343133e+00 5.115296604053950432e+04
1.475073313782991224e+00 5.088513201194597787e+04
1.478005865102639316e+00 5.061729798335245869e+04
1.480938416422287407e+00 5.035025001282223820e+04
1.483870967741935498e+00 5.008371704585074622e+04
1.486803519061583589e+00 4.981718407887924695e+04
1.489736070381231681e+00 4.955072944288903818e+04
1.492668621700879772e+00 4.928570043075834110e+04
1.495601173020527863e+00 4.902067141862765129e+04
1.498533724340175954e+00 4.875564240649696148e+04
1.501466275659824046e+00 4.849145891185772052e+04
1.504398826979472137e+00 4.822812093470994296e+04
1.507331378299120228e+00 4.796478295756215812e+04
1.510263929618768319e+00 4.770144498041437328e+04
1.513196480938416411e+00 4.743987234312511282e+04
1.516129032258064502e+00 4.717839670253136137e+04
1.519061583577712593e+00 4.691692106193761720e+04
1.521994134897360684e+00 4.665624426631628739e+04
1.524926686217008776e+00 4.639678676038966660e+04
1.527859237536656867e+00 4.613732925446306035e+04
1.530791788856304958e+00 4.587787174853645411e+04
1.533724340175953049e+00 4.562023581853111682e+04
1.536656891495601140e+00 4.536293721740008914e+04
1.539589442815249232e+00 4.510563861626906146e+04
1.542521994134897323e+00 4.484900655612858100e+04
1.545454545454545414e+00 4.459399323839370481e+04
1.548387096774193505e+00 4.433897992065882136e+04
1.551319648093841597e+00 4.408396660292394517e+04
1.554252199413489688e+00 4.383072682852208527e+04
1.557184750733137779e+00 4.357811154120932042e+04
1.560117302052785870e+00 4.332549625389655557e+04
1.563049853372433962e+00 4.307334934055567282e+04
1.565982404692082053e+00 4.282323204775960039e+04
1.568914956011730144e+00 4.257311475496352068e+04
1.571847507331378235e+00 4.232299746216744825e+04
1.574780058651026327e+00 4.207452340863197605e+04
1.577712609970674418e+00 4.182699219729520701e+04
1.580645161290322509e+00 4.157946098595843796e+04
1.583577712609970600e+00 4.133215171014221414e+04
1.586510263929618691e+00 4.108728372505206062e+04
1.589442815249266783e+00 4.084241573996189254e+04
1.592375366568914874e+00 4.059754775487173902e+04
1.595307917888562965e+00 4.035413027831805812e+04
1.598240469208211056e+00 4.011199266223772429e+04
1.601173020527859148e+00 3.986985504615740501e+04
1.604105571847507239e+00 3.962771743007707846e+04
1.607038123167155330e+00 3.938831015642396960e+04
1.609970674486803421e+00 3.914896097516291775e+04
1.612903225806451513e+00 3.890961179390187317e+04
1.615835777126099604e+00 3.867147481065309694e+04
1.618768328445747695e+00 3.843496394668908761e+04
1.621700879765395786e+00 3.819845308272507100e+04
1.624633431085043878e+00 3.796194221876105439e+04
1.627565982404692191e+00 3.772795211242327787e+04
1.630498533724340282e+00 3.749432211431784526e+04
1.633431085043988373e+00 3.726069211621241266e+04
1.636363636363636465e+00 3.702800402608369041e+04
1.639296187683284556e+00 3.679729090429325879e+04
1.642228739002932647e+00 3.656657778250283445e+04
1.645161290322580738e+00 3.633586466071239556e+04
1.648093841642228830e+00 3.610742324990275665e+04
1.651026392961876921e+00 3.587965721262793522e+04
1.653958944281525012e+00 3.565189117535311379e+04
1.656891495601173103e+00 3.542477529866246914e+04
1.659824046920821194e+00 3.519998142405811086e+04
1.662756598240469286e+00 3.497518754945375258e+04
1.665689149560117377e+00 3.475039367484940158e+04
1.668621700879765468e+00 3.452759494555464335e+04
1.671554252199413559e+00 3.430579378891469241e+04
1.674486803519061651e+00 3.408399263227473421e+04
1.677419354838709742e+00 3.386253629046722199e+04
1.680351906158357833e+00 3.364374442691040167e+04
1.683284457478005924e+00 3.342495256335357408e+04
1.686217008797654016e+00 3.320616069979674648e+04
1.689149560117302107e+00 3.298906891839070886e+04
1.692082111436950198e+00 3.277329942310195474e+04
1.695014662756598289e+00 3.255752992781321154e+04
1.697947214076246381e+00 3.234179201965512766e+04
1.700879765395894472e+00 3.212905488891106143e+04
1.703812316715542563e+00 3.191631775816698791e+04
1.706744868035190654e+00 3.170358062742291077e+04
1.709677419354838745e+00 3.149223666858643628e+04
1.712609970674486837e+00 3.128253918564074775e+04
1.715542521994134928e+00 3.107284170269505921e+04
1.718475073313783019e+00 3.086314421974937068e+04
1.721407624633431110e+00 3.065620584519940167e+04
1.724340175953079202e+00 3.044955289565589555e+04
1.727272727272727293e+00 3.024289994611237853e+04
1.730205278592375384e+00 3.003732624551617482e+04
1.733137829912023475e+00 2.983372058711801219e+04
1.736070381231671567e+00 2.963011492871984228e+04
1.739002932551319658e+00 2.942650927032167965e+04
1.741935483870967749e+00 2.922534848243873057e+04
1.744868035190615840e+00 2.902479097429331159e+04
1.747800586510263932e+00 2.882423346614788898e+04
1.750733137829912023e+00 2.862443778408205253e+04
1.753665689149560114e+00 2.842692758025496732e+04
1.756598240469208205e+00 2.822941737642787848e+04
1.759530791788856297e+00 2.803190717260078964e+04
1.762463343108504388e+00 2.783652206641797238e+04
1.765395894428152479e+00 2.764205677861849836e+04
1.768328445747800570e+00 2.744759149081902433e+04
1.771260997067448661e+00 2.725356969991480582e+04
1.774193548387096753e+00 2.706214553368280758e+04
1.777126099706744844e+00 2.687072136745080934e+04
1.780058651026392935e+00 2.667929720121881473e+04
1.782991202346041026e+00 2.648967568355835829e+04
1.785923753665689118e+00 2.630128755702580020e+04
1.788856304985337209e+00 2.611289943049324211e+04
1.791788856304985300e+00 2.592463754313311074e+04
1.794721407624633391e+00 2.573927915673885218e+04
1.797653958944281483e+00 2.555392077034458998e+04
1.800586510263929574e+00 2.536856238395033142e+04
1.803519061583577665e+00 2.518468369096520109e+04
1.806451612903225756e+00 2.500234765706618782e+04
1.809384164222873848e+00 2.482001162316717091e+04
1.812316715542521939e+00 2.463767558926815764e+04
1.815249266862170030e+00 2.445816507990028185e+04
1.818181818181818121e+00 2.427884293883448845e+04
1.821114369501466212e+00 2.409952079776868777e+04
1.824046920821114304e+00 2.392135661883237481e+04
1.826979472140762395e+00 2.374503892004848967e+04
1.829912023460410486e+00 2.356872122126460454e+04
1.832844574780058577e+00 2.339240352248072304e+04
1.835777126099706669e+00 2.321858085979432144e+04
1.838709677419354760e+00 2.304525720432741946e+04
1.841642228739002851e+00 2.287193354886051748e+04
1.844574780058650942e+00 2.269944878808653448e+04
1.847507331378299034e+00 2.252910786930557879e+04
1.850439882697947125e+00 2.235876695052462674e+04
1.853372434017595216e+00 2.218842603174366741e+04
1.856304985337243307e+00 2.202025114465958177e+04
1.859237536656891399e+00 2.185288078363433306e+04
1.862170087976539490e+00 2.168551042260908434e+04
1.865102639296187581e+00 2.151866379220705858e+04
1.868035190615835672e+00 2.135425096881885838e+04
1.870967741935483764e+00 2.118983814543065819e+04
1.873900293255131855e+00 2.102542532204245799e+04
1.876832844574780168e+00 2.086285231370913971e+04
1.879765395894428259e+00 2.070138319440876512e+04
1.882697947214076351e+00 2.053991407510839053e+04
1.885630498533724442e+00 2.037865853472065646e+04
1.888563049853372533e+00 2.022011849765069928e+04
1.891495601173020624e+00 2.006157846058074210e+04
1.894428152492668715e+00 1.990303842351078129e+04
1.897360703812316807e+00 1.974601593598097679e+04
1.900293255131964898e+00 1.959038959402811452e+04
1.903225806451612989e+00 1.943476325207525224e+04
1.906158357771261080e+00 1.927913691012238633e+04
1.909090909090909172e+00 1.912631758345798517e+04
1.912023460410557263e+00 1.897358880567385859e+04
1.914956011730205354e+00 1.882086002788972837e+04
1.917888563049853445e+00 1.866933154573749198e+04
1.920821114369501537e+00 1.851948347746990839e+04
1.923753665689149628e+00 1.836963540920232117e+04
1.926686217008797719e+00 1.821978734093473395e+04
1.929618768328445810e+00 1.807241470466330793e+04
1.932551319648093902e+00 1.792542978665634655e+04
1.935483870967741993e+00 1.777844486864938153e+04
1.938416422287390084e+00 1.763234898335248727e+04
1.941348973607038175e+00 1.748820897001774574e+04
1.944281524926686266e+00 1.734406895668300422e+04
1.947214076246334358e+00 1.719992894334825905e+04
1.950146627565982449e+00 1.705793786017064849e+04
1.953079178885630540e+00 1.691662383717952616e+04
1.956011730205278631e+00 1.677530981418840747e+04
1.958944281524926723e+00 1.663458046292759536e+04
1.961876832844574814e+00 1.649607286424198173e+04
1.964809384164222905e+00 1.635756526555636810e+04
1.967741935483870996e+00 1.621905766687075447e+04
1.970674486803519088e+00 1.608237852710539482e+04
1.973607038123167179e+00 1.594665715153635756e+04
1.976539589442815270e+00 1.581093577596732212e+04
1.979472140762463361e+00 1.567550246320366932e+04
1.982404692082111453e+00 1.554254649056631024e+04
1.985337243401759544e+00 1.540959051792895116e+04
1.988269794721407635e+00 1.527663454529159389e+04
1.991202346041055726e+00 1.514519347803713936e+04
1.994134897360703818e+00 1.501498148496126851e+04
1.997067448680351909e+00 1.488476949188539766e+04
2.000000000000000000e+00 1.475455749880952681e+04
2.002932551319648091e+00 1.462706747424049536e+04
2.005865102639296182e+00 1.449957744967146755e+04
2.008797653958944274e+00 1.437208742510243792e+04
2.011730205278592365e+00 1.424580650006872384e+04
2.014662756598240456e+00 1.412101586050877268e+04
2.017595307917888547e+00 1.399622522094882152e+04
2.020527859237536639e+00 1.387143458138886854e+04
2.023460410557184730e+00 1.374904141047643679e+04
2.026392961876832821e+00 1.362692701498813767e+04
2.029325513196480912e+00 1.350481261949983673e+04
2.032258064516129004e+00 1.338361004168065483e+04
2.035190615835777095e+00 1.326414820668433458e+04
2.038123167155425186e+00 1.314468637168801615e+04
2.041055718475073277e+00 1.302522453669169590e+04
2.043988269794721369e+00 1.290784347789688218e+04
2.046920821114369460e+00 1.279100999178667371e+04
2.049853372434017551e+00 1.267417650567646524e+04
2.052785923753665642e+00 1.255796680441387070e+04
2.055718475073313734e+00 1.244373694201544276e+04
2.058651026392961825e+00 1.232950707961701482e+04
2.061583577712609916e+00 1.221527721721858688e+04
2.064516129032258007e+00 1.210282000433228677e+04
2.067448680351906098e+00 1.199116854122422774e+04
2.070381231671554190e+00 1.187951707811616870e+04
2.073313782991202281e+00 1.176821129175558417e+04
2.076246334310850372e+00 1.165911251847503627e+04
2.079178885630498463e+00 1.155001374519448837e+04
2.082111436950146555e+00 1.144091497191393864e+04
2.085043988269794646e+00 1.133328999580270647e+04
2.087976539589442737e+00 1.122671773195526839e+04
2.090909090909090828e+00 1.112014546810783031e+04
2.093841642228738920e+00 1.101365132531455492e+04
2.096774193548387011e+00 1.090957893520030848e+04
2.099706744868035102e+00 1.080550654508606203e+04
2.102639296187683193e+00 1.070143415497181741e+04
2.105571847507331285e+00 1.059854664279618009e+04
2.108504398826979376e+00 1.049694704142337832e+04
2.111436950146627467e+00 1.039534744005057655e+04
2.114369501466275558e+00 1.029374783867777478e+04
2.117302052785923649e+00 1.019441521964071399e+04
2.120234604105571741e+00 1.009526090258511795e+04
2.123167155425219832e+00 9.996106585529520089e+03
2.126099706744867923e+00 9.897858777892904982e+03
2.129032258064516014e+00 9.801121819287924154e+03
2.131964809384164106e+00 9.704384860682945146e+03
2.134897360703812197e+00 9.607647902077962499e+03
2.137829912023460288e+00 9.512876918555199154e+03
2.140762463343108379e+00 9.418528992961519180e+03
2.143695014662756471e+00 9.324181067367839205e+03
2.146627565982404562e+00 9.230472395195858553e+03
2.149560117302052653e+00 9.138484789928454120e+03
2.152492668621700744e+00 9.046497184661049687e+03
2.155425219941348836e+00 8.954509579393645254e+03
2.158357771260996927e+00 8.864197548809113869e+03
2.161290322580645018e+00 8.774541177883096680e+03
2.164222873900293109e+00 8.684884806957081310e+03
2.167155425219941201e+00 8.595612067538517294e+03
2.170087976539589292e+00 8.508257485657215511e+03
2.173020527859237383e+00 8.420902903775915547e+03
2.175953079178885474e+00 8.333548321894613764e+03
2.178885630498533565e+00 8.247590072412935115e+03
2.181818181818181657e+00 8.162507489012376936e+03
2.184750733137829748e+00 8.077424905611818758e+03
2.187683284457477839e+00 7.992482439509041797e+03
2.190615835777125930e+00 7.909641732872996727e+03
2.193548387096774022e+00 7.826801026236950747e+03
2.196480938416422113e+00 7.743960319600905677e+03
2.199413489736070204e+00 7.662248367825749483e+03
2.202346041055718295e+00 7.581619099284508593e+03
2.205278592375366387e+00 7.500989830743267703e+03
2.208211143695014478e+00 7.420360562202025903e+03
2.211143695014662569e+00 7.341821128061813397e+03
2.214076246334310660e+00 7.263372556286865802e+03
2.217008797653958752e+00 7.184923984511916387e+03
2.219941348973606843e+00 7.107348715029575033e+03
2.222873900293254934e+00 7.031049810436434200e+03
2.225806451612903025e+00 6.954750905843293367e+03
2.228739002932551116e+00 6.878452001250151625e+03
2.231671554252199208e+00 6.803962532456358531e+03
2.234604105571847299e+00 6.729781991725868465e+03
2.237536656891495390e+00 6.655601450995378400e+03
2.240469208211143481e+00 6.582051298205652529e+03
2.243401759530791573e+00 6.509957558934245753e+03
2.246334310850439664e+00 6.437863819662838068e+03
2.249266862170087755e+00 6.365770080391430383e+03
2.252199413489735846e+00 6.295217587189404185e+03
2.255131964809384382e+00 6.225178842677162720e+03
2.258064516129032473e+00 6.155140098164931260e+03
2.260997067448680564e+00 6.085501730894899993e+03
2.263929618768328655e+00 6.017485945080102283e+03
2.266862170087976747e+00 5.949470159265304574e+03
2.269794721407624838e+00 5.881454373450505955e+03
2.272727272727272929e+00 5.814724253452736775e+03
2.275659824046921020e+00 5.748699175999789077e+03
2.278592375366569112e+00 5.682674098546841378e+03
2.281524926686217203e+00 5.616832607875177018e+03
2.284457478005865294e+00 5.552765789422586749e+03
2.287390029325513385e+00 5.488698970969995571e+03
2.290322580645161477e+00 5.424632152517405302e+03
2.293255131964809568e+00 5.361608381495659160e+03
2.296187683284457659e+00 5.299467189069244341e+03
2.299120234604105750e+00 5.237325996642828613e+03
2.302052785923753842e+00 5.175184804216412886e+03
2.304985337243401933e+00 5.114916719884687154e+03
2.307917888563050024e+00 5.054668352480273825e+03
2.310850439882698115e+00 4.994419985075860495e+03
2.313782991202346206e+00 4.934985311559104957e+03
2.316715542521994298e+00 4.876596815897908527e+03
2.319648093841642389e+00 4.818208320236713007e+03
2.322580645161290480e+00 4.759819824575516577e+03
2.325513196480938571e+00 4.703048792249675898e+03
2.328445747800586663e+00 4.646487078708411900e+03
2.331378299120234754e+00 4.589925365167146992e+03
2.334310850439882845e+00 4.533961509045172534e+03
2.337243401759530936e+00 4.479193367761778973e+03
2.340175953079179028e+00 4.424425226478384502e+03
2.343108504398827119e+00 4.369657085194990032e+03
2.346041055718475210e+00 4.316264145816355267e+03
2.348973607038123301e+00 4.263256262971051001e+03
2.351906158357771393e+00 4.210248380125747644e+03
2.354838709677419484e+00 4.157636235369359383e+03
2.357771260997067575e+00 4.106355209639321401e+03
2.360703812316715666e+00 4.055074183909283420e+03
2.363636363636363757e+00 4.003793158179245438e+03
2.366568914956011849e+00 3.953658695152167184e+03
2.369501466275659940e+00 3.904071054337269288e+03
2.372434017595308031e+00 3.854483413522371848e+03
2.375366568914956122e+00 3.805103255036270184e+03
2.378299120234604214e+00 3.757175472851742143e+03
2.381231671554252305e+00 3.709247690667213647e+03
2.384164222873900396e+00 3.661319908482686060e+03
2.387096774193548487e+00 3.614323857954817413e+03
2.390029325513196579e+00 3.568022371025550001e+03
2.392961876832844670e+00 3.521720884096282134e+03
2.395894428152492761e+00 3.475452578662965152e+03
2.398826979472140852e+00 3.430743803539349301e+03
2.401759530791788944e+00 3.386035028415732995e+03
2.404692082111437035e+00 3.341326253292116689e+03
2.407624633431085126e+00 3.297348318198516608e+03
2.410557184750733217e+00 3.254198668472269674e+03
2.413489736070381309e+00 3.211049018746022284e+03
2.416422287390029400e+00 3.167899369019774895e+03
2.419354838709677491e+00 3.126148143891117343e+03
2.422287390029325582e+00 3.084524048271331594e+03
2.425219941348973673e+00 3.042899952651546300e+03
2.428152492668621765e+00 3.001819820676156269e+03
2.431085043988269856e+00 2.961687739623856487e+03
2.434017595307917947e+00 2.921555658571556251e+03
2.436950146627566038e+00 2.881423577519256469e+03
2.439882697947214130e+00 2.842476547962301083e+03
2.442815249266862221e+00 2.803802991827348251e+03
2.445747800586510312e+00 2.765129435692395418e+03
2.448680351906158403e+00 2.726827000073591080e+03
2.451612903225806495e+00 2.689578546720645136e+03
2.454545454545454586e+00 2.652330093367699646e+03
2.457478005865102677e+00 2.615081640014753702e+03
2.460410557184750768e+00 2.578819020899150928e+03
2.463343108504398860e+00 2.542962333528337240e+03
2.466275659824046951e+00 2.507105646157523097e+03
2.469208211143695042e+00 2.471461229475462005e+03
2.472140762463343133e+00 2.436963074512666481e+03
2.475073313782991224e+00 2.402464919549871411e+03
2.478005865102639316e+00 2.367966764587075886e+03
2.480938416422287407e+00 2.334269384208764677e+03
2.483870967741935498e+00 2.301096649247874211e+03
2.486803519061583589e+00 2.267923914286983290e+03
2.489736070381231681e+00 2.234818494260411626e+03
2.492668621700879772e+00 2.202938206038449152e+03
2.495601173020527863e+00 2.171057917816486224e+03
2.498533724340175954e+00 2.139177629594523751e+03
2.501466275659824046e+00 2.107927156676101731e+03
2.504398826979472137e+00 2.077306499061219711e+03
2.507331378299120228e+00 2.046685841446337690e+03
2.510263929618768319e+00 2.016065183831455897e+03
2.513196480938416411e+00 1.986607610094294614e+03
2.516129032258064502e+00 1.957213942064700177e+03
2.519061583577712593e+00 1.927820274035106195e+03
2.521994134897360684e+00 1.898899445397024920e+03
2.524926686217008776e+00 1.870700318988094978e+03
2.527859237536656867e+00 1.842501192579165263e+03
2.530791788856304958e+00 1.814302066170235548e+03
2.533724340175953049e+00 1.787083634271415121e+03
2.536656891495601140e+00 1.760046812467059681e+03
2.539589442815249232e+00 1.733009990662704013e+03
2.542521994134897323e+00 1.706302838626259927e+03
2.545454545454545414e+00 1.680396313169028872e+03
2.548387096774193505e+00 1.654489787711798044e+03
2.551319648093841597e+00 1.628583262254566989e+03
2.554252199413489688e+00 1.603489194642441134e+03
2.557184750733137779e+00 1.578681203736338148e+03
2.560117302052785870e+00 1.553873212830235161e+03
2.563049853372433962e+00 1.529265291321219593e+03
2.565982404692082053e+00 1.505524337199582078e+03
2.568914956011730144e+00 1.481783383077945018e+03
2.571847507331378235e+00 1.458042428956307731e+03
2.574780058651026327e+00 1.434959652413497906e+03
2.577712609970674418e+00 1.412254518743785638e+03
2.580645161290322509e+00 1.389549385074073598e+03
2.583577712609970600e+00 1.366927993301512515e+03
2.586510263929618691e+00 1.345227762397615152e+03
2.589442815249266783e+00 1.323527531493717788e+03
2.592375366568914874e+00 1.301827300589820879e+03
2.595307917888562965e+00 1.280644666941301693e+03
2.598240469208211056e+00 1.259918736753410712e+03
2.601173020527859148e+00 1.239192806565519732e+03
2.604105571847507239e+00 1.218466876377628751e+03
2.607038123167155330e+00 1.198665309915526223e+03
2.609970674486803421e+00 1.178883410766738507e+03
2.612903225806451513e+00 1.159101511617950564e+03
2.615835777126099604e+00 1.139710013694892268e+03
2.618768328445747695e+00 1.120842224733178455e+03
2.621700879765395786e+00 1.101974435771464641e+03
2.624633431085043878e+00 1.083106646809750828e+03
2.627565982404691969e+00 1.065012842856490806e+03
2.630498533724340060e+00 1.047029608190152658e+03
2.633431085043988151e+00 1.029046373523814282e+03
2.636363636363636243e+00 1.011339355041522140e+03
2.639296187683284334e+00 9.942114995257778673e+02
2.642228739002932425e+00 9.770836440100332538e+02
2.645161290322580516e+00 9.599557884942889814e+02
2.648093841642228607e+00 9.434651039336690701e+02
2.651026392961876699e+00 9.271638485759242485e+02
2.653958944281524790e+00 9.108625932181794269e+02
2.656891495601172881e+00 8.947359511719647571e+02
2.659824046920820972e+00 8.792329280955015065e+02
2.662756598240469064e+00 8.637299050190382559e+02
2.665689149560117155e+00 8.482268819425750053e+02
2.668621700879765246e+00 8.332373856556739611e+02
2.671554252199413337e+00 8.185046527635538496e+02
2.674486803519061429e+00 8.037719198714338518e+02
2.677419354838709520e+00 7.891242980741651536e+02
2.680351906158357611e+00 7.751343529189294941e+02
2.683284457478005702e+00 7.611444077636939483e+02
2.686217008797653794e+00 7.471544626084582887e+02
2.689149560117301885e+00 7.335671204341051634e+02
2.692082111436949976e+00 7.202929139115495900e+02
2.695014662756598067e+00 7.070187073889941303e+02
2.697947214076246158e+00 6.937516795731418142e+02
2.700879765395894250e+00 6.811666288940991763e+02
2.703812316715542341e+00 6.685815782150564246e+02
2.706744868035190432e+00 6.559965275360137866e+02
2.709677419354838523e+00 6.437153755950459981e+02
2.712609970674486615e+00 6.317933767081665337e+02
2.715542521994134706e+00 6.198713778212871830e+02
2.718475073313782797e+00 6.079493789344078323e+02
2.721407624633430888e+00 5.966050585522941674e+02
2.724340175953078980e+00 5.853204980155009025e+02
2.727272727272727071e+00 5.740359374787077513e+02
2.730205278592375162e+00 5.629682426315149542e+02
2.733137829912023253e+00 5.522960087477108573e+02
2.736070381231671345e+00 5.416237748639066467e+02
2.739002932551319436e+00 5.309515409801025498e+02
2.741935483870967527e+00 5.207507133382512166e+02
2.744868035190615618e+00 5.106662067171414492e+02
2.747800586510263710e+00 5.005817000960317955e+02
2.750733137829911801e+00 4.906381059774798246e+02
2.753665689149560336e+00 4.811172493665997649e+02
2.756598240469208427e+00 4.715963927557213538e+02
2.759530791788856519e+00 4.620755361448427720e+02
2.762463343108504610e+00 4.529316271279940338e+02
2.765395894428152701e+00 4.439508745324417305e+02
2.768328445747800792e+00 4.349701219368893703e+02
2.771260997067448884e+00 4.260647794160823878e+02
2.774193548387096975e+00 4.176011244759264400e+02
2.777126099706745066e+00 4.091374695357704354e+02
2.780058651026393157e+00 4.006738145956144876e+02
2.782991202346041248e+00 3.925038512900741239e+02
2.785923753665689340e+00 3.845348348924284210e+02
2.788856304985337431e+00 3.765658184947827749e+02
2.791788856304985522e+00 3.686164993264017085e+02
2.794721407624633613e+00 3.611202164311031879e+02
2.797653958944281705e+00 3.536239335358047242e+02
2.800586510263929796e+00 3.461276506405062605e+02
2.803519061583577887e+00 3.388523600586223097e+02
2.806451612903225978e+00 3.318074657183831278e+02
2.809384164222874070e+00 3.247625713781440027e+02
2.812316715542522161e+00 3.177176770379048207e+02
2.815249266862170252e+00 3.110764785397731202e+02
2.818181818181818343e+00 3.044621930977818351e+02
2.821114369501466435e+00 2.978479076557906637e+02
2.824046920821114526e+00 2.913917967868671894e+02
2.826979472140762617e+00 2.851879102371598833e+02
2.829912023460410708e+00 2.789840236874526340e+02
2.832844574780058799e+00 2.727801371377453847e+02
2.835777126099706891e+00 2.669018856279624856e+02
2.838709677419354982e+00 2.610887611261645134e+02
2.841642228739003073e+00 2.552756366243665127e+02
2.844574780058651164e+00 2.495670530334413968e+02
2.847507331378299256e+00 2.441256295480801555e+02
2.850439882697947347e+00 2.386842060627189426e+02
2.853372434017595438e+00 2.332427825773577013e+02
2.856304985337243529e+00 2.280589135792505999e+02
2.859237536656891621e+00 2.229707076764092335e+02
2.862170087976539712e+00 2.178825017735678671e+02
2.865102639296187803e+00 2.128536741542097275e+02
2.868035190615835894e+00 2.081007809110382141e+02
2.870967741935483986e+00 2.033478876678666722e+02
2.873900293255132077e+00 1.985949944246951588e+02
2.876832844574780168e+00 1.940408426118657417e+02
2.879765395894428259e+00 1.896059356572415311e+02
2.882697947214076351e+00 1.851710287026173773e+02
2.885630498533724442e+00 1.807580869924409512e+02
2.888563049853372533e+00 1.766244176759571758e+02
2.891495601173020624e+00 1.724907483594734003e+02
2.894428152492668715e+00 1.683570790429895965e+02
2.897360703812316807e+00 1.643718810835810302e+02
2.900293255131964898e+00 1.605232767726816405e+02
2.903225806451612989e+00 1.566746724617822224e+02
2.906158357771261080e+00 1.528260681508828327e+02
2.909090909090909172e+00 1.492385088823497767e+02
2.912023460410557263e+00 1.456593704216349749e+02
2.914956011730205354e+00 1.420802319609201732e+02
2.917888563049853445e+00 1.386071088057712188e+02
2.920821114369501537e+00 1.352824070784143657e+02
2.923753665689149628e+00 1.319577053510575126e+02
2.926686217008797719e+00 1.286330036237006595e+02
2.929618768328445810e+00 1.255157789232227259e+02
2.932551319648093902e+00 1.224310506245451364e+02
2.935483870967741993e+00 1.193463223258675328e+02
2.938416422287390084e+00 1.163322411718351077e+02
2.941348973607038175e+00 1.134735837360220216e+02
2.944281524926686266e+00 1.106149263002089498e+02
2.947214076246334358e+00 1.077562688643958779e+02
2.950146627565982449e+00 1.050593696691347105e+02
2.953079178885630540e+00 1.024134353989789048e+02
2.956011730205278631e+00 9.976750112882311328e+01
2.958944281524926723e+00 9.716321762668948736e+01
2.961876832844574814e+00 9.471720704304011917e+01
2.964809384164222905e+00 9.227119645939075099e+01
2.967741935483870996e+00 8.982518587574138280e+01
2.970674486803519088e+00 8.750233046105974211e+01
2.973607038123167179e+00 8.524398489678976887e+01
2.976539589442815270e+00 8.298563933251979563e+01
2.979472140762463361e+00 8.074562075057177424e+01
2.982404692082111453e+00 7.866321421659237956e+01
2.985337243401759544e+00 7.658080768261298488e+01
2.988269794721407635e+00 7.449840114863359020e+01
2.991202346041055726e+00 7.250694310463836700e+01
2.994134897360703818e+00 7.058927345817745902e+01
2.997067448680351909e+00 6.867160381171657946e+01
3.000000000000000000e+00 6.675393416525567147e+01
