0.000000000000000000e+00 7.807811181214703578e-02
2.932551319648093839e-03 1.221725589034355020e+00
5.865102639296187678e-03 2.901697329444361984e+00
8.797653958944280650e-03 6.440095005086508451e+00
1.173020527859237536e-02 1.101502529359265203e+01
1.466275659824047006e-02 1.686754229097767777e+01
1.759530791788856130e-02 2.425020558580553498e+01
2.052785923753665601e-02 3.238014963054735063e+01
2.346041055718475071e-02 4.251740658105461534e+01
2.639296187683284542e-02 5.315209428245415069e+01
2.932551319648094013e-02 6.572677173245057247e+01
3.225806451612903136e-02 7.904646146409888274e+01
3.519061583577712260e-02 9.378844736980995833e+01
3.812316715542522078e-02 1.097400039819290072e+02
4.105571847507331201e-02 1.266126098475512833e+02
4.398826979472141019e-02 1.451429305481837844e+02
4.692082111436950143e-02 1.641416376843254170e+02
4.985337243401759266e-02 1.851655232560630679e+02
5.278592375366569084e-02 2.066735430501929613e+02
5.571847507331378208e-02 2.297181627675675202e+02
5.865102639296188025e-02 2.536825390488817220e+02
6.158357771260997149e-02 2.787113527019462254e+02
6.451612903225806273e-02 3.050792180237711477e+02
6.744868035190615396e-02 3.320557431950325054e+02
7.038123167155424520e-02 3.607743337923745912e+02
7.331378299120235031e-02 3.899160531845279820e+02
7.624633431085044155e-02 4.206788237540143314e+02
7.917888563049853279e-02 4.521023724824820533e+02
8.211143695014662403e-02 4.847038301030469256e+02
8.504398826979471526e-02 5.183567521181669235e+02
8.797653958944282038e-02 5.527607201293977823e+02
9.090909090909091161e-02 5.885907102241031907e+02
9.384164222873900285e-02 6.248151819721600759e+02
9.677419354838709409e-02 6.627160215563985730e+02
9.970674486803518533e-02 7.010493287445286796e+02
1.026392961876832904e-01 7.406447352664644086e+02
1.055718475073313817e-01 7.810349840405650639e+02
1.085043988269794729e-01 8.222891917844102636e+02
1.114369501466275642e-01 8.646846785051577626e+02
1.143695014662756554e-01 9.075620385717086265e+02
1.173020527859237605e-01 9.519112596632274972e+02
1.202346041055718517e-01 9.966106957646986757e+02
1.231671554252199430e-01 1.042627906263649720e+03
1.260997067448680342e-01 1.089213975184886976e+03
1.290322580645161255e-01 1.136748141476602086e+03
1.319648093841642167e-01 1.185169857215335696e+03
1.348973607038123079e-01 1.234185845192508395e+03
1.378299120234603992e-01 1.284392450835174941e+03
1.407624633431084904e-01 1.334921451614770604e+03
1.436950146627566094e-01 1.386796239929150943e+03
1.466275659824047006e-01 1.439044037973486184e+03
1.495601173020527919e-01 1.492296092983085373e+03
1.524926686217008831e-01 1.546212508762953121e+03
1.554252199413489743e-01 1.600807271855621593e+03
1.583577712609970656e-01 1.656342375948624976e+03
1.612903225806451568e-01 1.712245439563498394e+03
1.642228739002932481e-01 1.769349557243722529e+03
1.671554252199413393e-01 1.826733325059798062e+03
1.700879765395894305e-01 1.885150382375048594e+03
1.730205278592375495e-01 1.944038535591296522e+03
1.759530791788856408e-01 2.003661598413097636e+03
1.788856304985337320e-01 2.064005089357405723e+03
1.818181818181818232e-01 2.124800374209048186e+03
1.847507331378299145e-01 2.186550421003810698e+03
1.876832844574780057e-01 2.248553374858317966e+03
1.906158357771260969e-01 2.311592392350913997e+03
1.935483870967741882e-01 2.374938445042974308e+03
1.964809384164222794e-01 2.439049294504610771e+03
1.994134897360703707e-01 2.503690308998312503e+03
2.023460410557184619e-01 2.568839849135016721e+03
2.052785923753665809e-01 2.634727958079483869e+03
2.082111436950146721e-01 2.700883208933140395e+03
2.111436950146627634e-01 2.767970814524415346e+03
2.140762463343108546e-01 2.835270354061064154e+03
2.170087976539589458e-01 2.903338730595152811e+03
2.199413489736070371e-01 2.971775874747014768e+03
2.228739002932551283e-01 3.040751986955622669e+03
2.258064516129032195e-01 3.110279781438966438e+03
2.287390029325513108e-01 3.180131290314923262e+03
2.316715542521994020e-01 3.250703045864052456e+03
2.346041055718475210e-01 3.321461144667178814e+03
2.375366568914956122e-01 3.392967060325905550e+03
2.404692082111437035e-01 3.464708396093953979e+03
2.434017595307917947e-01 3.536993633493882044e+03
2.463343108504398860e-01 3.609672142574484496e+03
2.492668621700879772e-01 3.682704985545595264e+03
2.521994134897360684e-01 3.756274859031568667e+03
2.551319648093841597e-01 3.830023742689164465e+03
2.580645161290322509e-01 3.904439422503112837e+03
2.609970674486803421e-01 3.979002241126449462e+03
2.639296187683284334e-01 4.054089105681728142e+03
2.668621700879765246e-01 4.129438474061851593e+03
2.697947214076246158e-01 4.205147569905650016e+03
2.727272727272727071e-01 4.281238513560616411e+03
2.756598240469207983e-01 4.357538857628159349e+03
2.785923753665688896e-01 4.434326636378715193e+03
2.815249266862169808e-01 4.511237043344952326e+03
2.844574780058651275e-01 4.588627486844854502e+03
2.873900293255132188e-01 4.666176504844159354e+03
2.903225806451613100e-01 4.744066068079886463e+03
2.932551319648094013e-01 4.822209496085978572e+03
2.961876832844574925e-01 4.900567732743918896e+03
2.991202346041055837e-01 4.979261583609323679e+03
3.020527859237536750e-01 5.058058173517829346e+03
3.049853372434017662e-01 5.137258667495931149e+03
3.079178885630498574e-01 5.216544148327998300e+03
3.108504398826979487e-01 5.296126971112730644e+03
3.137829912023460399e-01 5.375862093798238675e+03
3.167155425219941312e-01 5.455793030641886617e+03
3.196480938416422224e-01 5.535934484904876626e+03
3.225806451612903136e-01 5.616183684303749033e+03
3.255131964809384049e-01 5.696688343090328090e+03
3.284457478005864961e-01 5.777254376217986646e+03
3.313782991202345873e-01 5.858050973457303371e+03
3.343108504398826786e-01 5.938924017058156096e+03
3.372434017595307698e-01 6.019949953382081731e+03
3.401759530791788610e-01 6.101087289561907710e+03
3.431085043988269523e-01 6.182313120954366241e+03
3.460410557184750990e-01 6.263672188984874083e+03
3.489736070381231903e-01 6.345069299099433920e+03
3.519061583577712815e-01 6.426606951865196606e+03
3.548387096774193727e-01 6.508170293685732759e+03
3.577712609970674640e-01 6.589820044145052634e+03
3.607038123167155552e-01 6.671507402354582155e+03
3.636363636363636465e-01 6.753240149228156042e+03
3.665689149560117377e-01 6.835009438627424970e+03
3.695014662756598289e-01 6.916796156000486008e+03
3.724340175953079202e-01 6.998605413661810417e+03
3.753665689149560114e-01 7.080416662873850328e+03
3.782991202346041026e-01 7.162224524279988145e+03
3.812316715542521939e-01 7.244020976012714527e+03
3.841642228739002851e-01 7.325796141041317242e+03
3.870967741935483764e-01 7.407536093426718253e+03
3.900293255131964676e-01 7.489249796387190145e+03
3.929618768328445588e-01 7.570891642822221002e+03
3.958944281524926501e-01 7.652512697203501375e+03
3.988269794721407413e-01 7.734017394412245267e+03
4.017595307917888325e-01 7.815485998093134185e+03
4.046920821114369238e-01 7.896843249400859349e+03
4.076246334310850705e-01 7.978117993250546533e+03
4.105571847507331618e-01 8.059299228647789278e+03
4.134897360703812530e-01 8.140338772842665094e+03
4.164222873900293442e-01 8.221315461541755212e+03
4.193548387096774355e-01 8.302078528410467698e+03
4.222873900293255267e-01 8.382785400908745942e+03
4.252199413489736179e-01 8.463267542160127050e+03
4.281524926686217092e-01 8.543643975898065037e+03
4.310850439882698004e-01 8.623836176541137320e+03
4.340175953079178917e-01 8.703841014408564661e+03
4.369501466275659829e-01 8.783714864140805730e+03
4.398826979472140741e-01 8.863306987879803273e+03
4.428152492668621654e-01 8.942820422037731987e+03
4.457478005865102566e-01 9.021972421951390061e+03
4.486803519061583478e-01 9.101019352768027602e+03
4.516129032258064391e-01 9.179767887349120429e+03
4.545454545454545303e-01 9.258307254683280917e+03
4.574780058651026216e-01 9.336623960109416657e+03
4.604105571847507128e-01 9.414614761613076553e+03
4.633431085043988040e-01 9.492471367383952384e+03
4.662756598240468953e-01 9.569872559014154831e+03
4.692082111436950420e-01 9.647159927449221868e+03
4.721407624633431332e-01 9.724011254388509769e+03
4.750733137829912245e-01 9.800655326080945088e+03
4.780058651026393157e-01 9.876961543329880442e+03
4.809384164222874070e-01 9.952921313670949530e+03
4.838709677419354982e-01 1.002865410155513746e+04
4.868035190615835894e-01 1.010388856452575419e+04
4.897360703812316807e-01 1.017898678512279548e+04
4.926686217008797719e-01 1.025348774636407325e+04
4.956011730205278631e-01 1.032780696019014977e+04
4.985337243401759544e-01 1.040164951570088488e+04
5.014662756598240456e-01 1.047514870027451252e+04
5.043988269794721369e-01 1.054830451391102906e+04
5.073313782991202281e-01 1.062094263562471133e+04
5.102639296187683193e-01 1.069338336401529523e+04
5.131964809384164106e-01 1.076511937644660793e+04
5.161290322580645018e-01 1.083668401569754678e+04
5.190615835777125930e-01 1.090760951097270117e+04
5.219941348973606843e-01 1.097821827421290982e+04
5.249266862170087755e-01 1.104834360434715018e+04
5.278592375366568668e-01 1.111795541073724962e+04
5.307917888563049580e-01 1.118725219835993448e+04
5.337243401759530492e-01 1.125582595273688094e+04
5.366568914956011405e-01 1.132420586840073156e+04
5.395894428152492317e-01 1.139176040587242278e+04
5.425219941348973229e-01 1.145904844101108756e+04
5.454545454545454142e-01 1.152568925619811671e+04
5.483870967741935054e-01 1.159184428647760797e+04
5.513196480938415966e-01 1.165754297335911178e+04
5.542521994134896879e-01 1.172252386626757288e+04
5.571847507331377791e-01 1.178725201481932709e+04
5.601173020527858704e-01 1.185101763303002554e+04
5.630498533724339616e-01 1.191455420075575421e+04
5.659824046920821639e-01 1.197725603667009818e+04
5.689149560117302551e-01 1.203952346676612797e+04
5.718475073313783463e-01 1.210116953157773969e+04
5.747800586510264376e-01 1.216212669419566009e+04
5.777126099706745288e-01 1.222268858506310244e+04
5.806451612903226200e-01 1.228229436344109490e+04
5.835777126099707113e-01 1.234164860812022380e+04
5.865102639296188025e-01 1.239995698459291998e+04
5.894428152492668938e-01 1.245790604209043340e+04
5.923753665689149850e-01 1.251504510935575854e+04
5.953079178885630762e-01 1.257154792576850377e+04
5.982404692082111675e-01 1.262748934437015123e+04
6.011730205278592587e-01 1.268250490760357206e+04
6.041055718475073499e-01 1.273722036599350031e+04
6.070381231671554412e-01 1.279070771627695649e+04
6.099706744868035324e-01 1.284390843367741400e+04
6.129032258064516236e-01 1.289608717807111861e+04
6.158357771260997149e-01 1.294770615844579333e+04
6.187683284457478061e-01 1.299857423586810910e+04
6.217008797653958974e-01 1.304857069622794734e+04
6.246334310850439886e-01 1.309809996984229474e+04
6.275659824046920798e-01 1.314643322478471237e+04
6.304985337243401711e-01 1.319445758467541964e+04
6.334310850439882623e-01 1.324122509736779830e+04
6.363636363636363535e-01 1.328753316212545724e+04
6.392961876832844448e-01 1.333287786831031553e+04
6.422287390029325360e-01 1.337742925526992985e+04
6.451612903225806273e-01 1.342132332058577231e+04
6.480938416422287185e-01 1.346407780514160368e+04
6.510263929618768097e-01 1.350649349541743322e+04
6.539589442815249010e-01 1.354741103158911392e+04
6.568914956011729922e-01 1.358798527147004097e+04
6.598240469208210834e-01 1.362736146652243042e+04
6.627565982404691747e-01 1.366604665539975758e+04
6.656891495601172659e-01 1.370386198944494572e+04
6.686217008797653572e-01 1.374061860661848914e+04
6.715542521994134484e-01 1.377684586535621384e+04
6.744868035190615396e-01 1.381163465245513908e+04
6.774193548387096309e-01 1.384605863951726496e+04
6.803519061583577221e-01 1.387902877402245213e+04
6.832844574780058133e-01 1.391143399224913628e+04
6.862170087976539046e-01 1.394273545097782517e+04
6.891495601173021068e-01 1.397308339232428079e+04
6.920821114369501981e-01 1.400268970904010530e+04
6.950146627565982893e-01 1.403094223278634490e+04
6.979472140762463805e-01 1.405880896860740359e+04
7.008797653958944718e-01 1.408494653773864957e+04
7.038123167155425630e-01 1.411066853885072487e+04
7.067448680351906543e-01 1.413503301776685112e+04
7.096774193548387455e-01 1.415857317331601371e+04
7.126099706744868367e-01 1.418113912852240537e+04
7.155425219941349280e-01 1.420246082449678943e+04
7.184750733137830192e-01 1.422320313258451097e+04
7.214076246334311104e-01 1.424227029415836114e+04
7.243401759530792017e-01 1.426092030131533465e+04
7.272727272727272929e-01 1.427794130097234120e+04
7.302052785923753842e-01 1.429429047409040504e+04
7.331378299120234754e-01 1.430941455175510237e+04
7.360703812316715666e-01 1.432342830313840568e+04
7.390029325513196579e-01 1.433663181642447307e+04
7.419354838709677491e-01 1.434827626389047691e+04
7.448680351906158403e-01 1.435948479557930114e+04
7.478005865102639316e-01 1.436877802748398608e+04
7.507331378299120228e-01 1.437757407038934070e+04
7.536656891495601140e-01 1.438487854629671347e+04
7.565982404692082053e-01 1.439123014144057561e+04
7.595307917888562965e-01 1.439652414364910874e+04
7.624633431085043878e-01 1.440040023666438719e+04
7.653958944281524790e-01 1.440366260779005097e+04
7.683284457478005702e-01 1.440503311285024211e+04
7.712609970674486615e-01 1.440594110528849706e+04
7.741935483870967527e-01 1.440507915707532811e+04
7.771260997067448439e-01 1.440344383044453753e+04
7.800586510263929352e-01 1.440049049270766227e+04
7.829912023460410264e-01 1.439628437426544951e+04
7.859237536656891177e-01 1.439122109007747713e+04
7.888563049853372089e-01 1.438441792208351217e+04
7.917888563049853001e-01 1.437713751623017379e+04
7.947214076246333914e-01 1.436780169989041678e+04
7.976539589442814826e-01 1.435789187764938470e+04
8.005865102639295738e-01 1.434639509791658384e+04
8.035190615835776651e-01 1.433383282146436977e+04
8.064516129032257563e-01 1.432015970800681316e+04
8.093841642228738475e-01 1.430492355691391094e+04
8.123167155425219388e-01 1.428905990896010371e+04
8.152492668621701410e-01 1.427112988989900441e+04
8.181818181818182323e-01 1.425270424747132165e+04
8.211143695014663235e-01 1.423242001432962752e+04
8.240469208211144148e-01 1.421127716175390196e+04
8.269794721407625060e-01 1.418876515926985667e+04
8.299120234604105972e-01 1.416488940302680203e+04
8.328445747800586885e-01 1.414013944565617930e+04
8.357771260997067797e-01 1.411351702331338856e+04
8.387096774193548709e-01 1.408639093117268749e+04
8.416422287390029622e-01 1.405713929344758071e+04
8.445747800586510534e-01 1.402725169590097903e+04
8.475073313782991447e-01 1.399573886769945238e+04
8.504398826979472359e-01 1.396308108427053412e+04
8.533724340175953271e-01 1.392930195293849465e+04
8.563049853372434184e-01 1.389386761335720621e+04
8.592375366568915096e-01 1.385781848214048478e+04
8.621700879765396008e-01 1.381960364220257179e+04
8.651026392961876921e-01 1.378087979973696747e+04
8.680351906158357833e-01 1.374028555205052544e+04
8.709677419354838745e-01 1.369878014919471934e+04
8.739002932551319658e-01 1.365591393017687551e+04
8.768328445747800570e-01 1.361162935146606833e+04
8.797653958944281483e-01 1.356649375693948241e+04
8.826979472140762395e-01 1.351943523430218920e+04
8.856304985337243307e-01 1.347186988338050651e+04
8.885630498533724220e-01 1.342221033397688188e+04
8.914956011730205132e-01 1.337188254621720444e+04
8.944281524926686044e-01 1.331997208866687834e+04
8.973607038123166957e-01 1.326689445974177943e+04
9.002932551319647869e-01 1.321274303315189354e+04
9.032258064516128782e-01 1.315693144664927240e+04
9.061583577712609694e-01 1.310055099416256962e+04
9.090909090909090606e-01 1.304202474944808455e+04
9.120234604105571519e-01 1.298300554730567819e+04
9.149560117302052431e-01 1.292221122515817297e+04
9.178885630498533343e-01 1.286050836112759134e+04
9.208211143695014256e-01 1.279753353846069876e+04
9.237536656891495168e-01 1.273317504748512329e+04
9.266862170087976081e-01 1.266804035233638388e+04
9.296187683284456993e-01 1.260105812036012685e+04
9.325513196480937905e-01 1.253359955492425615e+04
9.354838709677418818e-01 1.246421639897223213e+04
9.384164222873900840e-01 1.239418207615904794e+04
9.413489736070381753e-01 1.232271518625131284e+04
9.442815249266862665e-01 1.225014673196336662e+04
9.472140762463343577e-01 1.217662644049251685e+04
9.501466275659824490e-01 1.210156972850788043e+04
9.530791788856305402e-01 1.202602893882711760e+04
9.560117302052786314e-01 1.194853419253478023e+04
9.589442815249267227e-01 1.187060285315450892e+04
9.618768328445748139e-01 1.179113031774048250e+04
9.648093841642229052e-01 1.171083389473409079e+04
9.677419354838709964e-01 1.162945549886543631e+04
9.706744868035190876e-01 1.154685503957528272e+04
9.736070381231671789e-01 1.146361445182625175e+04
9.765395894428152701e-01 1.137877563989178816e+04
9.794721407624633613e-01 1.129353531208158711e+04
9.824046920821114526e-01 1.120671253202334628e+04
9.853372434017595438e-01 1.111932723323940991e+04
9.882697947214076351e-01 1.103079011039810030e+04
9.912023460410557263e-01 1.094133687584419022e+04
9.941348973607038175e-01 1.085114038084421190e+04
9.970674486803519088e-01 1.075970102506539479e+04
1.000000000000000000e+00 1.066790299134369161e+04
1.002932551319648091e+00 1.057456411482329895e+04
1.005865102639296182e+00 1.048089438614735627e+04
1.008797653958944274e+00 1.038607821628125566e+04
1.011730205278592365e+00 1.029063007697435387e+04
1.014662756598240456e+00 1.019440299858925573e+04
1.017595307917888547e+00 1.009727445461107709e+04
1.020527859237536639e+00 9.999705659994415328e+03
1.023460410557184730e+00 9.900999376796873548e+03
1.026392961876832821e+00 9.802017667706584689e+03
1.029325513196480912e+00 9.701984045459837944e+03
1.032258064516129004e+00 9.601566203085478264e+03
1.035190615835777095e+00 9.500414849558404967e+03
1.038123167155425186e+00 9.398674327295349940e+03
1.041055718475073277e+00 9.296485171958109277e+03
1.043988269794721369e+00 9.193539683018188953e+03
1.046920821114369460e+00 9.090381556905902471e+03
1.049853372434017551e+00 8.986366503926397854e+03
1.052785923753665642e+00 8.882163763347038184e+03
1.055718475073313734e+00 8.777365318646399828e+03
1.058651026392961825e+00 8.672245139008355181e+03
1.061583577712609916e+00 8.566752614442748381e+03
1.064516129032258007e+00 8.460845713635197171e+03
1.067448680351906098e+00 8.354750459990396848e+03
1.070381231671554190e+00 8.248190828912935103e+03
1.073313782991202281e+00 8.141529953964225570e+03
1.076246334310850372e+00 8.034510691906791180e+03
1.079178885630498463e+00 7.927377148820158254e+03
1.082111436950146555e+00 7.820039887377130071e+03
1.085043988269794646e+00 7.712574225682826182e+03
1.087976539589442737e+00 7.605016849523324709e+03
1.090909090909090828e+00 7.497361737101011386e+03
1.093841642228738920e+00 7.389682635688189293e+03
1.096774193548387011e+00 7.281983123914488715e+03
1.099706744868035102e+00 7.174303940771009366e+03
1.102639296187683193e+00 7.066684084038181027e+03
1.105571847507331285e+00 6.959150893763157910e+03
1.108504398826979376e+00 6.851711906159661339e+03
1.111436950146627467e+00 6.744471430430110559e+03
1.114369501466275558e+00 6.637314770825112646e+03
1.117302052785923649e+00 6.530513904455126067e+03
1.120234604105571741e+00 6.423814269969657289e+03
1.123167155425219832e+00 6.317526340585917751e+03
1.126099706744867923e+00 6.211458006347831542e+03
1.129032258064516236e+00 6.105755664019161486e+03
1.131964809384164328e+00 6.000463849482528531e+03
1.134897360703812419e+00 5.895446910076211680e+03
1.137829912023460510e+00 5.791075236958778078e+03
1.140762463343108601e+00 5.686883736995078834e+03
1.143695014662756693e+00 5.583532377479782554e+03
1.146627565982404784e+00 5.480445657966581166e+03
1.149560117302052875e+00 5.378071430766712183e+03
1.152492668621700966e+00 5.276227055155810376e+03
1.155425219941349058e+00 5.174923685904169361e+03
1.158357771260997149e+00 5.074455758750153109e+03
1.161290322580645240e+00 4.974314743721294690e+03
1.164222873900293331e+00 4.875353380582469072e+03
1.167155425219941423e+00 4.776686634578109988e+03
1.170087976539589514e+00 4.679134516489436464e+03
1.173020527859237605e+00 4.582137367026146421e+03
1.175953079178885696e+00 4.486005968618453153e+03
1.178885630498533788e+00 4.390796805639614831e+03
1.181818181818181879e+00 4.296165993692431584e+03
1.184750733137829970e+00 4.202857485873066253e+03
1.187683284457478061e+00 4.109906674211095378e+03
1.190615835777126152e+00 4.018502227770697573e+03
1.193548387096774244e+00 3.927589918933671015e+03
1.196480938416422335e+00 3.837903480126863997e+03
1.199413489736070426e+00 3.749126794193229671e+03
1.202346041055718517e+00 3.661222728362435646e+03
1.205278592375366609e+00 3.574671635384824640e+03
1.208211143695014700e+00 3.488609915566875316e+03
1.211143695014662791e+00 3.404366905025147844e+03
1.214076246334310882e+00 3.320558169473677935e+03
1.217008797653958974e+00 3.238342762659417531e+03
1.219941348973607065e+00 3.156937605867667116e+03
1.222873900293255156e+00 3.076716660647277422e+03
1.225806451612903247e+00 2.997778490701131432e+03
1.228739002932551339e+00 2.919593023601855293e+03
1.231671554252199430e+00 2.843176962571764761e+03
1.234604105571847521e+00 2.767227250789405389e+03
1.237536656891495612e+00 2.693215754244552954e+03
1.240469208211143703e+00 2.619847199470617397e+03
1.243401759530791795e+00 2.547964061891559140e+03
1.246334310850439886e+00 2.477211470024858954e+03
1.249266862170087977e+00 2.407477488651472868e+03
1.252199413489736068e+00 2.339367165909801315e+03
1.255131964809384160e+00 2.271798062712035062e+03
1.258064516129032251e+00 2.206347868396829199e+03
1.260997067448680342e+00 2.141386040433389098e+03
1.263929618768328433e+00 2.078173778239520743e+03
1.266862170087976525e+00 2.015882089939048910e+03
1.269794721407624616e+00 1.954851928825824643e+03
1.272727272727272707e+00 1.895228485637666836e+03
1.275659824046920798e+00 1.836376468408415803e+03
1.278592375366568890e+00 1.779411492760521242e+03
1.281524926686216981e+00 1.722931172290387849e+03
1.284457478005865072e+00 1.668405103076569731e+03
1.287390029325513163e+00 1.614558598160853080e+03
1.290322580645161255e+00 1.562171485426304571e+03
1.293255131964809346e+00 1.510931264756056635e+03
1.296187683284457437e+00 1.460661491217139655e+03
1.299120234604105528e+00 1.411993222301763581e+03
1.302052785923753619e+00 1.363815209903797950e+03
1.304985337243401711e+00 1.317678147663628124e+03
1.307917888563049802e+00 1.271995969183684565e+03
1.310850439882697893e+00 1.227909971465389617e+03
1.313782991202345984e+00 1.184696101947377429e+03
1.316715542521994076e+00 1.142603540115443593e+03
1.319648093841642167e+00 1.101803627408128477e+03
1.322580645161290258e+00 1.061665306772468739e+03
1.325513196480938349e+00 1.023220120245636281e+03
1.328445747800586441e+00 9.851983251699425637e+02
1.331378299120234532e+00 9.488399527741336215e+02
1.334310850439882623e+00 9.130885367274956934e+02
1.337243401759530714e+00 8.785510333792002484e+02
1.340175953079178806e+00 8.450010523275619789e+02
1.343108504398826897e+00 8.122355516050440656e+02
1.346041055718474988e+00 7.808148640276137940e+02
1.348973607038123079e+00 7.497794178756588508e+02
1.351906158357771170e+00 7.204044769901939844e+02
1.354838709677419262e+00 6.913998164860104225e+02
1.357771260997067353e+00 6.636406445370466827e+02
1.360703812316715444e+00 6.365889444894075950e+02
1.363636363636363535e+00 6.103910898399194593e+02
1.366568914956011627e+00 5.852129798386846460e+02
1.369501466275659718e+00 5.605212095927705604e+02
1.372434017595307809e+00 5.371362227175635553e+02
1.375366568914955900e+00 5.140690300084326054e+02
1.378299120234604214e+00 4.922217595352183253e+02
1.381231671554252305e+00 4.708413884665668547e+02
1.384164222873900396e+00 4.503320983765741516e+02
1.387096774193548487e+00 4.305572061833171347e+02
1.390029325513196579e+00 4.113297742403539132e+02
1.392961876832844670e+00 3.930761946232409514e+02
1.395894428152492761e+00 3.750954041101775829e+02
1.398826979472140852e+00 3.582685687208855825e+02
1.401759530791788944e+00 3.417139375471370499e+02
1.404692082111437035e+00 3.259990853362353960e+02
1.407624633431085126e+00 3.107820293644352319e+02
1.410557184750733217e+00 2.961291424636169154e+02
1.413489736070381309e+00 2.821751643835555114e+02
1.416422287390029400e+00 2.685312285623261914e+02
1.419354838709677491e+00 2.557645417206053651e+02
1.422287390029325582e+00 2.432050427073935452e+02
1.425219941348973673e+00 2.314243309908980564e+02
1.428152492668621765e+00 2.199559700691527837e+02
1.431085043988269856e+00 2.090319919611147839e+02
1.434017595307917947e+00 1.985839173708969838e+02
1.436950146627566038e+00 1.884685540895977454e+02
1.439882697947214130e+00 1.789722728630153767e+02
1.442815249266862221e+00 1.696449899382942590e+02
1.445747800586510312e+00 1.610083704817974706e+02
1.448680351906158403e+00 1.525470681648453990e+02
1.451612903225806495e+00 1.445836665242002823e+02
1.454545454545454586e+00 1.369260283765826784e+02
1.457478005865102677e+00 1.295938803989620567e+02
1.460410557184750768e+00 1.226803125055715213e+02
1.463343108504398860e+00 1.159391011174522106e+02
1.466275659824046951e+00 1.097127839580000312e+02
1.469208211143695042e+00 1.036043805456355500e+02
1.472140762463343133e+00 9.793078078177670420e+01
1.475073313782991224e+00 9.243969714547330341e+01
1.478005865102639316e+00 8.724613979929455354e+01
1.480938416422287407e+00 8.232230833337108322e+01
1.483870967741935498e+00 7.757519382347697956e+01
1.486803519061583589e+00 7.317134687143213512e+01
1.489736070381231681e+00 6.885875610254608148e+01
1.492668621700879772e+00 6.491038324297197448e+01
1.495601173020527863e+00 6.106016293530183958e+01
1.498533724340175954e+00 5.746736158451193432e+01
1.501466275659824046e+00 5.403881287857507232e+01
1.504398826979472137e+00 5.077451681749128198e+01
1.507331378299120228e+00 4.772957638330537833e+01
1.510263929618768319e+00 4.476827514498701532e+01
1.513196480938416411e+00 4.207144198106292521e+01
1.516129032258064502e+00 3.943322150754519129e+01
1.519061583577712593e+00 3.700739360756920604e+01
1.521994134897360684e+00 3.467473349579567810e+01
1.524926686217008776e+00 3.248427685022589628e+01
1.527859237536656867e+00 3.042747230772291189e+01
1.530791788856304958e+00 2.845265603012644817e+01
1.533724340175953049e+00 2.664425148727626080e+01
1.536656891495601140e+00 2.487885698504614851e+01
1.539589442815249232e+00 2.328135143928009754e+01
1.542521994134897323e+00 2.173172146065624943e+01
1.545454545454545414e+00 2.029836071652062657e+01
1.548387096774193505e+00 1.894201406022791190e+01
1.551319648093841597e+00 1.765801397130277550e+01
1.554252199413489688e+00 1.647435563801951375e+01
1.557184750733137779e+00 1.532602890883549662e+01
1.560117302052785870e+00 1.429624301504898298e+01
1.563049853372433962e+00 1.329182300770163572e+01
1.565982404692082053e+00 1.237788541632726869e+01
1.568914956011730144e+00 1.150535217901821206e+01
1.571847507331378235e+00 1.069204289119497631e+01
1.574780058651026327e+00 9.936408854456679762e+00
1.577712609970674418e+00 9.213867174898274115e+00
1.580645161290322509e+00 8.561560079243259125e+00
1.583577712609970600e+00 7.926867251719085239e+00
1.586510263929618691e+00 7.359509122608019815e+00
1.589442815249266783e+00 6.812402353155198043e+00
1.592375366568914874e+00 6.310946953779442481e+00
1.595307917888562965e+00 5.840845329537835973e+00
1.598240469208211056e+00 5.398408801002832824e+00
1.601173020527859148e+00 4.995815216716469997e+00
1.604105571847507239e+00 4.606136241945183230e+00
1.607038123167155330e+00 4.262550359776926534e+00
1.609970674486803421e+00 3.928461118736534807e+00
1.612903225806451513e+00 3.627780553736626779e+00
1.615835777126099604e+00 3.343016984234773226e+00
1.618768328445747695e+00 3.079605481864457595e+00
1.621700879765395786e+00 2.837722809326925777e+00
1.624633431085043878e+00 2.607379589579769341e+00
1.627565982404692191e+00 2.402661182962619435e+00
1.630498533724340282e+00 2.204165102468690574e+00
1.633431085043988373e+00 2.028993414934941786e+00
1.636363636363636465e+00 1.861196258685407168e+00
1.639296187683284556e+00 1.708861829322127157e+00
1.642228739002932647e+00 1.567524291317105245e+00
1.645161290322580738e+00 1.435298463294638616e+00
1.648093841642228830e+00 1.316694398222828077e+00
1.651026392961876921e+00 1.202140046460670408e+00
1.653958944281525012e+00 1.103004209813181813e+00
1.656891495601173103e+00 1.006915575731427648e+00
1.659824046920821194e+00 9.214215036343514909e-01
1.662756598240469286e+00 8.411776763147136293e-01
1.665689149560117377e+00 7.675429806560852830e-01
1.668621700879765468e+00 7.007970282023406883e-01
1.671554252199413559e+00 6.374954473510376918e-01
1.674486803519061651e+00 5.822011106317093176e-01
1.677419354838709742e+00 5.287846182343182155e-01
1.680351906158357833e+00 4.822801600973110614e-01
1.683284457478005924e+00 4.380657594480785177e-01
1.686217008797654016e+00 3.983257788134212385e-01
1.689149560117302107e+00 3.618760703818460489e-01
1.692082111436950198e+00 3.279854625526678613e-01
1.695014662756598289e+00 2.980645015476880433e-01
1.697947214076246381e+00 2.692666664436946800e-01
1.700879765395894472e+00 2.447699351105799281e-01
1.703812316715542563e+00 2.211485249640570416e-01
1.706744868035190654e+00 2.003864973604006228e-01
1.709677419354838745e+00 1.810921653703060075e-01
1.712609970674486837e+00 1.635323827416932663e-01
1.715542521994134928e+00 1.478419272458496303e-01
1.718475073313783019e+00 1.330219217889291317e-01
1.721407624633431110e+00 1.203216371656835038e-01
1.724340175953079202e+00 1.081000709981826818e-01
1.727272727272727293e+00 9.761154392516586953e-02
1.730205278592375384e+00 8.772281152332597753e-02
1.733137829912023475e+00 7.892782234539706676e-02
1.736070381231671567e+00 7.096316177067737985e-02
1.739002932551319658e+00 6.360441666316439535e-02
1.741935483870967749e+00 5.722044731149036195e-02
1.744868035190615840e+00 5.110372644084692356e-02
1.747800586510263932e+00 4.598631107115139227e-02
1.750733137829912023e+00 4.108495763115682653e-02
1.753665689149560114e+00 3.683178998026515744e-02
1.756598240469208205e+00 3.292285993773220315e-02
1.759530791788856297e+00 2.939599581216876395e-02
1.762463343108504388e+00 2.629413569749181750e-02
1.765395894428152479e+00 2.337623254275084453e-02
1.768328445747800570e+00 2.092791626954900591e-02
1.771260997067448661e+00 1.858138669096513068e-02
1.774193548387096753e+00 1.659794840430689825e-02
1.777126099706744844e+00 1.474537589178397459e-02
1.780058651026392935e+00 1.311582814926632624e-02
1.782991202346041026e+00 1.166079281657217935e-02
1.785923753665689118e+00 1.032516071165200978e-02
1.788856304985337209e+00 9.188652929019556007e-03
1.791788856304985300e+00 8.104921992997903696e-03
1.794721407624633391e+00 7.214070761880966680e-03
1.797653958944281483e+00 6.367296844830446639e-03
1.800586510263929574e+00 5.642383737257679333e-03
1.803519061583577665e+00 4.984285399335320645e-03
1.806451612903225756e+00 4.395845012750618924e-03
1.809384164222873848e+00 3.887292247167955031e-03
1.812316715542521939e+00 3.410811154250349610e-03
1.815249266862170030e+00 3.020221813225820902e-03
1.818181818181818121e+00 2.647432763806245159e-03
1.821114369501466212e+00 2.337351525507465333e-03
1.824046920821114304e+00 2.050735907425309083e-03
1.826979472140762395e+00 1.801538440499398340e-03
1.829912023460410486e+00 1.582468908806437726e-03
1.832844574780058577e+00 1.382712156108959877e-03
1.835777126099706669e+00 1.216325398188513283e-03
1.838709677419354760e+00 1.058465922033497049e-03
1.841642228739002851e+00 9.311013721161791670e-04
1.844574780058650942e+00 8.110668650030395093e-04
1.847507331378299034e+00 7.097646895005794510e-04
1.850439882697947125e+00 6.190426123881254388e-04
1.853372434017595216e+00 5.386824873071207253e-04
1.856304985337243307e+00 4.705595954631367037e-04
1.859237536656891399e+00 4.069819616786185730e-04
1.862170087976539490e+00 3.561883048887542840e-04
1.865102639296187581e+00 3.079164367852611013e-04
1.868035190615835672e+00 2.684417693875419718e-04
1.870967741935483764e+00 2.323747426686065254e-04
1.873900293255131855e+00 2.013970494309726307e-04
1.876832844574780168e+00 1.746286895884833167e-04
1.879765395894428259e+00 1.503859297830841067e-04
1.882697947214076351e+00 1.306624806011853171e-04
1.885630498533724442e+00 1.120490222651966417e-04
1.888563049853372533e+00 9.732539432567505265e-05
1.891495601173020624e+00 8.358074938263066584e-05
1.894428152492668715e+00 7.215474837861085946e-05
1.897360703812316807e+00 6.207474218840599114e-05
1.900293255131964898e+00 5.323305122691056145e-05
1.903225806451612989e+00 4.589542251403832353e-05
1.906158357771261080e+00 3.907317177447051243e-05
1.909090909090909172e+00 3.377519189476212575e-05
1.912023460410557263e+00 2.876193744457453033e-05
1.914956011730205354e+00 2.473546913699290094e-05
1.917888563049853445e+00 2.110349062216022276e-05
1.920821114369501537e+00 1.802379781717607966e-05
1.923753665689149628e+00 1.541249449865074786e-05
1.926686217008797719e+00 1.306394625789497073e-05
1.929618768328445810e+00 1.120209380130167897e-05
1.932551319648093902e+00 9.454729173952834275e-06
1.935483870967741993e+00 8.101200698840993846e-06
1.938416422287390084e+00 6.851002273073036491e-06
1.941348973607038175e+00 5.828129955861603263e-06
1.944281524926686266e+00 4.940579965791150616e-06
1.947214076246334358e+00 4.169958976842498929e-06
1.950146627565982449e+00 3.545216059081262940e-06
1.953079178885630540e+00 2.966434725392778239e-06
1.956011730205278631e+00 2.530819744437398521e-06
1.958944281524926723e+00 2.120375750792700840e-06
1.961876832844574814e+00 1.796946078128807209e-06
1.964809384164222905e+00 1.509310225258729419e-06
1.967741935483870996e+00 1.268680714045594246e-06
1.970674486803519088e+00 1.068853711244141319e-06
1.973607038123167179e+00 8.903994509440451088e-07
1.976539589442815270e+00 7.529072319992931521e-07
1.979472140762463361e+00 6.246061933556846327e-07
1.982404692082111453e+00 5.274067503901739204e-07
1.985337243401759544e+00 4.386780864247750587e-07
1.988269794721407635e+00 3.672943508881763607e-07
1.991202346041055726e+00 3.064733134504919497e-07
1.994134897360703818e+00 2.542220122062653362e-07
1.997067448680351909e+00 0.000000000000000000e+00
2.000000000000000000e+00 0.000000000000000000e+00
2.002932551319648091e+00 0.000000000000000000e+00
2.005865102639296182e+00 0.000000000000000000e+00
2.008797653958944274e+00 0.000000000000000000e+00
2.011730205278592365e+00 0.000000000000000000e+00
2.014662756598240456e+00 0.000000000000000000e+00
2.017595307917888547e+00 0.000000000000000000e+00
2.020527859237536639e+00 0.000000000000000000e+00
2.023460410557184730e+00 0.000000000000000000e+00
2.026392961876832821e+00 0.000000000000000000e+00
2.029325513196480912e+00 0.000000000000000000e+00
2.032258064516129004e+00 0.000000000000000000e+00
2.035190615835777095e+00 0.000000000000000000e+00
2.038123167155425186e+00 0.000000000000000000e+00
2.041055718475073277e+00 0.000000000000000000e+00
2.043988269794721369e+00 0.000000000000000000e+00
2.046920821114369460e+00 0.000000000000000000e+00
2.049853372434017551e+00 0.000000000000000000e+00
2.052785923753665642e+00 0.000000000000000000e+00
2.055718475073313734e+00 0.000000000000000000e+00
2.058651026392961825e+00 0.000000000000000000e+00
2.061583577712609916e+00 0.000000000000000000e+00
2.064516129032258007e+00 0.000000000000000000e+00
2.067448680351906098e+00 0.000000000000000000e+00
2.070381231671554190e+00 0.000000000000000000e+00
2.073313782991202281e+00 0.000000000000000000e+00
2.076246334310850372e+00 0.000000000000000000e+00
2.079178885630498463e+00 0.000000000000000000e+00
2.082111436950146555e+00 0.000000000000000000e+00
2.085043988269794646e+00 0.000000000000000000e+00
2.087976539589442737e+00 0.000000000000000000e+00
2.090909090909090828e+00 0.000000000000000000e+00
2.093841642228738920e+00 0.000000000000000000e+00
2.096774193548387011e+00 0.000000000000000000e+00
2.099706744868035102e+00 0.000000000000000000e+00
2.102639296187683193e+00 0.000000000000000000e+00
2.105571847507331285e+00 0.000000000000000000e+00
2.108504398826979376e+00 0.000000000000000000e+00
2.111436950146627467e+00 0.000000000000000000e+00
2.114369501466275558e+00 0.000000000000000000e+00
2.117302052785923649e+00 0.000000000000000000e+00
2.120234604105571741e+00 0.000000000000000000e+00
2.123167155425219832e+00 0.000000000000000000e+00
2.126099706744867923e+00 0.000000000000000000e+00
2.129032258064516014e+00 0.000000000000000000e+00
2.131964809384164106e+00 0.000000000000000000e+00
2.134897360703812197e+00 0.000000000000000000e+00
2.137829912023460288e+00 0.000000000000000000e+00
2.140762463343108379e+00 0.000000000000000000e+00
2.143695014662756471e+00 0.000000000000000000e+00
2.146627565982404562e+00 0.000000000000000000e+00
2.149560117302052653e+00 0.000000000000000000e+00
2.152492668621700744e+00 0.000000000000000000e+00
2.155425219941348836e+00 0.000000000000000000e+00
2.158357771260996927e+00 0.000000000000000000e+00
2.161290322580645018e+00 0.000000000000000000e+00
2.164222873900293109e+00 0.000000000000000000e+00
2.167155425219941201e+00 0.000000000000000000e+00
2.170087976539589292e+00 0.000000000000000000e+00
2.173020527859237383e+00 0.000000000000000000e+00
2.175953079178885474e+00 0.000000000000000000e+00
2.178885630498533565e+00 0.000000000000000000e+00
2.181818181818181657e+00 0.000000000000000000e+00
2.184750733137829748e+00 0.000000000000000000e+00
2.187683284457477839e+00 0.000000000000000000e+00
2.190615835777125930e+00 0.000000000000000000e+00
2.193548387096774022e+00 0.000000000000000000e+00
2.196480938416422113e+00 0.000000000000000000e+00
2.199413489736070204e+00 0.000000000000000000e+00
2.202346041055718295e+00 0.000000000000000000e+00
2.205278592375366387e+00 0.000000000000000000e+00
2.208211143695014478e+00 0.000000000000000000e+00
2.211143695014662569e+00 0.000000000000000000e+00
2.214076246334310660e+00 0.000000000000000000e+00
2.217008797653958752e+00 0.000000000000000000e+00
2.219941348973606843e+00 0.000000000000000000e+00
2.222873900293254934e+00 0.000000000000000000e+00
2.225806451612903025e+00 0.000000000000000000e+00
2.228739002932551116e+00 0.000000000000000000e+00
2.231671554252199208e+00 0.000000000000000000e+00
2.234604105571847299e+00 0.000000000000000000e+00
2.237536656891495390e+00 0.000000000000000000e+00
2.240469208211143481e+00 0.000000000000000000e+00
2.243401759530791573e+00 0.000000000000000000e+00
2.246334310850439664e+00 0.000000000000000000e+00
2.249266862170087755e+00 0.000000000000000000e+00
2.252199413489735846e+00 0.000000000000000000e+00
2.255131964809384382e+00 0.000000000000000000e+00
2.258064516129032473e+00 0.000000000000000000e+00
2.260997067448680564e+00 0.000000000000000000e+00
2.263929618768328655e+00 0.000000000000000000e+00
2.266862170087976747e+00 0.000000000000000000e+00
2.269794721407624838e+00 0.000000000000000000e+00
2.272727272727272929e+00 0.000000000000000000e+00
2.275659824046921020e+00 0.000000000000000000e+00
2.278592375366569112e+00 0.000000000000000000e+00
2.281524926686217203e+00 0.000000000000000000e+00
2.284457478005865294e+00 0.000000000000000000e+00
2.287390029325513385e+00 0.000000000000000000e+00
2.290322580645161477e+00 0.000000000000000000e+00
2.293255131964809568e+00 0.000000000000000000e+00
2.296187683284457659e+00 0.000000000000000000e+00
2.299120234604105750e+00 0.000000000000000000e+00
2.302052785923753842e+00 0.000000000000000000e+00
2.304985337243401933e+00 0.000000000000000000e+00
2.307917888563050024e+00 0.000000000000000000e+00
2.310850439882698115e+00 0.000000000000000000e+00
2.313782991202346206e+00 0.000000000000000000e+00
2.316715542521994298e+00 0.000000000000000000e+00
2.319648093841642389e+00 0.000000000000000000e+00
2.322580645161290480e+00 0.000000000000000000e+00
2.325513196480938571e+00 0.000000000000000000e+00
2.328445747800586663e+00 0.000000000000000000e+00
2.331378299120234754e+00 0.000000000000000000e+00
2.334310850439882845e+00 0.000000000000000000e+00
2.337243401759530936e+00 0.000000000000000000e+00
2.340175953079179028e+00 0.000000000000000000e+00
2.343108504398827119e+00 0.000000000000000000e+00
2.346041055718475210e+00 0.000000000000000000e+00
2.348973607038123301e+00 0.000000000000000000e+00
2.351906158357771393e+00 0.000000000000000000e+00
2.354838709677419484e+00 0.000000000000000000e+00
2.357771260997067575e+00 0.000000000000000000e+00
2.360703812316715666e+00 0.000000000000000000e+00
2.363636363636363757e+00 0.000000000000000000e+00
2.366568914956011849e+00 0.000000000000000000e+00
2.369501466275659940e+00 0.000000000000000000e+00
2.372434017595308031e+00 0.000000000000000000e+00
2.375366568914956122e+00 0.000000000000000000e+00
2.378299120234604214e+00 0.000000000000000000e+00
2.381231671554252305e+00 0.000000000000000000e+00
2.384164222873900396e+00 0.000000000000000000e+00
2.387096774193548487e+00 0.000000000000000000e+00
2.390029325513196579e+00 0.000000000000000000e+00
2.392961876832844670e+00 0.000000000000000000e+00
2.395894428152492761e+00 0.000000000000000000e+00
2.398826979472140852e+00 0.000000000000000000e+00
2.401759530791788944e+00 0.000000000000000000e+00
2.404692082111437035e+00 0.000000000000000000e+00
2.407624633431085126e+00 0.000000000000000000e+00
2.410557184750733217e+00 0.000000000000000000e+00
2.413489736070381309e+00 0.000000000000000000e+00
2.416422287390029400e+00 0.000000000000000000e+00
2.419354838709677491e+00 0.000000000000000000e+00
2.422287390029325582e+00 0.000000000000000000e+00
2.425219941348973673e+00 0.000000000000000000e+00
2.428152492668621765e+00 0.000000000000000000e+00
2.431085043988269856e+00 0.000000000000000000e+00
2.434017595307917947e+00 0.000000000000000000e+00
2.436950146627566038e+00 0.000000000000000000e+00
2.439882697947214130e+00 0.000000000000000000e+00
2.442815249266862221e+00 0.000000000000000000e+00
2.445747800586510312e+00 0.000000000000000000e+00
2.448680351906158403e+00 0.000000000000000000e+00
2.451612903225806495e+00 0.000000000000000000e+00
2.454545454545454586e+00 0.000000000000000000e+00
2.457478005865102677e+00 0.000000000000000000e+00
2.460410557184750768e+00 0.000000000000000000e+00
2.463343108504398860e+00 0.000000000000000000e+00
2.466275659824046951e+00 0.000000000000000000e+00
2.469208211143695042e+00 0.000000000000000000e+00
2.472140762463343133e+00 0.000000000000000000e+00
2.475073313782991224e+00 0.000000000000000000e+00
2.478005865102639316e+00 0.000000000000000000e+00
2.480938416422287407e+00 0.000000000000000000e+00
2.483870967741935498e+00 0.000000000000000000e+00
2.486803519061583589e+00 0.000000000000000000e+00
2.489736070381231681e+00 0.000000000000000000e+00
2.492668621700879772e+00 0.000000000000000000e+00
2.495601173020527863e+00 0.000000000000000000e+00
2.498533724340175954e+00 0.000000000000000000e+00
2.501466275659824046e+00 0.000000000000000000e+00
2.504398826979472137e+00 0.000000000000000000e+00
2.507331378299120228e+00 0.000000000000000000e+00
2.510263929618768319e+00 0.000000000000000000e+00
2.513196480938416411e+00 0.000000000000000000e+00
2.516129032258064502e+00 0.000000000000000000e+00
2.519061583577712593e+00 0.000000000000000000e+00
2.521994134897360684e+00 0.000000000000000000e+00
2.524926686217008776e+00 0.000000000000000000e+00
2.527859237536656867e+00 0.000000000000000000e+00
2.530791788856304958e+00 0.000000000000000000e+00
2.533724340175953049e+00 0.000000000000000000e+00
2.536656891495601140e+00 0.000000000000000000e+00
2.539589442815249232e+00 0.000000000000000000e+00
2.542521994134897323e+00 0.000000000000000000e+00
2.545454545454545414e+00 0.000000000000000000e+00
2.548387096774193505e+00 0.000000000000000000e+00
2.551319648093841597e+00 0.000000000000000000e+00
2.554252199413489688e+00 0.000000000000000000e+00
2.557184750733137779e+00 0.000000000000000000e+00
2.560117302052785870e+00 0.000000000000000000e+00
2.563049853372433962e+00 0.000000000000000000e+00
2.565982404692082053e+00 0.000000000000000000e+00
2.568914956011730144e+00 0.000000000000000000e+00
2.571847507331378235e+00 0.000000000000000000e+00
2.574780058651026327e+00 0.000000000000000000e+00
2.577712609970674418e+00 0.000000000000000000e+00
2.580645161290322509e+00 0.000000000000000000e+00
2.583577712609970600e+00 0.000000000000000000e+00
2.586510263929618691e+00 0.000000000000000000e+00
2.589442815249266783e+00 0.000000000000000000e+00
2.592375366568914874e+00 0.000000000000000000e+00
2.595307917888562965e+00 0.000000000000000000e+00
2.598240469208211056e+00 0.000000000000000000e+00
2.601173020527859148e+00 0.000000000000000000e+00
2.604105571847507239e+00 0.000000000000000000e+00
2.607038123167155330e+00 0.000000000000000000e+00
2.609970674486803421e+00 0.000000000000000000e+00
2.612903225806451513e+00 0.000000000000000000e+00
2.615835777126099604e+00 0.000000000000000000e+00
2.618768328445747695e+00 0.000000000000000000e+00
2.621700879765395786e+00 0.000000000000000000e+00
2.624633431085043878e+00 0.000000000000000000e+00
2.627565982404691969e+00 0.000000000000000000e+00
2.630498533724340060e+00 0.000000000000000000e+00
2.633431085043988151e+00 0.000000000000000000e+00
2.636363636363636243e+00 0.000000000000000000e+00
2.639296187683284334e+00 0.000000000000000000e+00
2.642228739002932425e+00 0.000000000000000000e+00
2.645161290322580516e+00 0.000000000000000000e+00
2.648093841642228607e+00 0.000000000000000000e+00
2.651026392961876699e+00 0.000000000000000000e+00
2.653958944281524790e+00 0.000000000000000000e+00
2.656891495601172881e+00 0.000000000000000000e+00
2.659824046920820972e+00 0.000000000000000000e+00
2.662756598240469064e+00 0.000000000000000000e+00
2.665689149560117155e+00 0.000000000000000000e+00
2.668621700879765246e+00 0.000000000000000000e+00
2.671554252199413337e+00 0.000000000000000000e+00
2.674486803519061429e+00 0.000000000000000000e+00
2.677419354838709520e+00 0.000000000000000000e+00
2.680351906158357611e+00 0.000000000000000000e+00
2.683284457478005702e+00 0.000000000000000000e+00
2.686217008797653794e+00 0.000000000000000000e+00
2.689149560117301885e+00 0.000000000000000000e+00
2.692082111436949976e+00 0.000000000000000000e+00
2.695014662756598067e+00 0.000000000000000000e+00
2.697947214076246158e+00 0.000000000000000000e+00
2.700879765395894250e+00 0.000000000000000000e+00
2.703812316715542341e+00 0.000000000000000000e+00
2.706744868035190432e+00 0.000000000000000000e+00
2.709677419354838523e+00 0.000000000000000000e+00
2.712609970674486615e+00 0.000000000000000000e+00
2.715542521994134706e+00 0.000000000000000000e+00
2.718475073313782797e+00 0.000000000000000000e+00
2.721407624633430888e+00 0.000000000000000000e+00
2.724340175953078980e+00 0.000000000000000000e+00
2.727272727272727071e+00 0.000000000000000000e+00
2.730205278592375162e+00 0.000000000000000000e+00
2.733137829912023253e+00 0.000000000000000000e+00
2.736070381231671345e+00 0.000000000000000000e+00
2.739002932551319436e+00 0.000000000000000000e+00
2.741935483870967527e+00 0.000000000000000000e+00
2.744868035190615618e+00 0.000000000000000000e+00
2.747800586510263710e+00 0.000000000000000000e+00
2.750733137829911801e+00 0.000000000000000000e+00
2.753665689149560336e+00 0.000000000000000000e+00
2.756598240469208427e+00 0.000000000000000000e+00
2.759530791788856519e+00 0.000000000000000000e+00
2.762463343108504610e+00 0.000000000000000000e+00
2.765395894428152701e+00 0.000000000000000000e+00
2.768328445747800792e+00 0.000000000000000000e+00
2.771260997067448884e+00 0.000000000000000000e+00
2.774193548387096975e+00 0.000000000000000000e+00
2.777126099706745066e+00 0.000000000000000000e+00
2.780058651026393157e+00 0.000000000000000000e+00
2.782991202346041248e+00 0.000000000000000000e+00
2.785923753665689340e+00 0.000000000000000000e+00
2.788856304985337431e+00 0.000000000000000000e+00
2.791788856304985522e+00 0.000000000000000000e+00
2.794721407624633613e+00 0.000000000000000000e+00
2.797653958944281705e+00 0.000000000000000000e+00
2.800586510263929796e+00 0.000000000000000000e+00
2.803519061583577887e+00 0.000000000000000000e+00
2.806451612903225978e+00 0.000000000000000000e+00
2.809384164222874070e+00 0.000000000000000000e+00
2.812316715542522161e+00 0.000000000000000000e+00
2.815249266862170252e+00 0.000000000000000000e+00
2.818181818181818343e+00 0.000000000000000000e+00
2.821114369501466435e+00 0.000000000000000000e+00
2.824046920821114526e+00 0.000000000000000000e+00
2.826979472140762617e+00 0.000000000000000000e+00
2.829912023460410708e+00 0.000000000000000000e+00
2.832844574780058799e+00 0.000000000000000000e+00
2.835777126099706891e+00 0.000000000000000000e+00
2.838709677419354982e+00 0.000000000000000000e+00
2.841642228739003073e+00 0.000000000000000000e+00
2.844574780058651164e+00 0.000000000000000000e+00
2.847507331378299256e+00 0.000000000000000000e+00
2.850439882697947347e+00 0.000000000000000000e+00
2.853372434017595438e+00 0.000000000000000000e+00
2.856304985337243529e+00 0.000000000000000000e+00
2.859237536656891621e+00 0.000000000000000000e+00
2.862170087976539712e+00 0.000000000000000000e+00
2.865102639296187803e+00 0.000000000000000000e+00
2.868035190615835894e+00 0.000000000000000000e+00
2.870967741935483986e+00 0.000000000000000000e+00
2.873900293255132077e+00 0.000000000000000000e+00
2.876832844574780168e+00 0.000000000000000000e+00
2.879765395894428259e+00 0.000000000000000000e+00
2.882697947214076351e+00 0.000000000000000000e+00
2.885630498533724442e+00 0.000000000000000000e+00
2.888563049853372533e+00 0.000000000000000000e+00
2.891495601173020624e+00 0.000000000000000000e+00
2.894428152492668715e+00 0.000000000000000000e+00
2.897360703812316807e+00 0.000000000000000000e+00
2.900293255131964898e+00 0.000000000000000000e+00
2.903225806451612989e+00 0.000000000000000000e+00
2.906158357771261080e+00 0.000000000000000000e+00
2.909090909090909172e+00 0.000000000000000000e+00
2.912023460410557263e+00 0.000000000000000000e+00
2.914956011730205354e+00 0.000000000000000000e+00
2.917888563049853445e+00 0.000000000000000000e+00
2.920821114369501537e+00 0.000000000000000000e+00
2.923753665689149628e+00 0.000000000000000000e+00
2.926686217008797719e+00 0.000000000000000000e+00
2.929618768328445810e+00 0.000000000000000000e+00
2.932551319648093902e+00 0.000000000000000000e+00
2.935483870967741993e+00 0.000000000000000000e+00
2.938416422287390084e+00 0.000000000000000000e+00
2.941348973607038175e+00 0.000000000000000000e+00
2.944281524926686266e+00 0.000000000000000000e+00
2.947214076246334358e+00 0.000000000000000000e+00
2.950146627565982449e+00 0.000000000000000000e+00
2.953079178885630540e+00 0.000000000000000000e+00
2.956011730205278631e+00 0.000000000000000000e+00
2.958944281524926723e+00 0.000000000000000000e+00
2.961876832844574814e+00 0.000000000000000000e+00
2.964809384164222905e+00 0.000000000000000000e+00
2.967741935483870996e+00 0.000000000000000000e+00
2.970674486803519088e+00 0.000000000000000000e+00
2.973607038123167179e+00 0.000000000000000000e+00
2.976539589442815270e+00 0.000000000000000000e+00
2.979472140762463361e+00 0.000000000000000000e+00
2.982404692082111453e+00 0.000000000000000000e+00
2.985337243401759544e+00 0.000000000000000000e+00
2.988269794721407635e+00 0.000000000000000000e+00
2.991202346041055726e+00 0.000000000000000000e+00
2.994134897360703818e+00 0.000000000000000000e+00
2.997067448680351909e+00 0.000000000000000000e+00
3.000000000000000000e+00 0.000000000000000000e+00
